XZangleToObj,YZangleToObj,DistToObjhorizontalPan,forwardPan,xRotInput,yRotInput,sprintButtonDown,fireButtonDown
-14.05704,-13.57169,11.0385|0,0,0,0,0,0
-14.05704,-13.49128,11.03602|0,0,0,0,0,0
-14.85704,-10.53863,10.94861|0,0,0.15,-0.2,0,0
-22.06298,-9.604166,10.22611|0,0.395754,0.7,-1.55,0,0
-24.00649,-11.14101,10.02778|0.142803,0.538557,0.15,-0.45,0,0
-25.06544,-12.83896,9.828094|0.248865,0.644619,0.1,-0.25,0,0
-24.89521,-11.99516,9.42923|0.4958641,0.8916181,0,0,0,0
-24.23683,-11.71378,9.329718|0.5589661,0.9547201,0.05,0.15,0,0
-18.64175,-11.75251,9.132262|0.653841,1,0.15,1.35,0,0
-9.033028,-9.847042,8.942992|0.760047,1,-0.15,2.3,0,0
-4.170445,-8.314204,8.851702|0.648174,1,-0.25,1.15,0,0
-1.664599,-9.556458,8.488463|0.4117801,0.763606,-0.05,0.35,0,0
-1.374016,-10.1761,8.398135|0.361707,0.7135329,0,0,0,0
-0.8591176,-10.81035,8.212645|0.259986,0.6118119,0,0,0,1
-17.84081,-8.874448,13.719|0.161886,0.7099119,0,0,0,0
-17.9388,-9.277987,13.62179|0.06188107,0.8099169,0,0,0,0
-18.20162,-9.348868,13.43168|0,0.9105219,0,0,0,0
-23.15018,-7.105863,13.05235|0,1,-0.3,-1.1,0,0
-25.12401,-7.238065,12.96048|0,1,0.05,-0.45,0,0
-26.50479,-6.659735,12.77971|0,0.864076,0.05,-0.25,0,0
-26.7063,-6.288183,12.69031|0,0.8043311,0,0,0,0
-27.11797,-6.377873,12.512|0,0.6943031,0,0,0,0
-25.17745,-7.949421,12.1574|0,0.4690301,0,0.7,0,0
-23.37948,-7.904526,12.06699|0,0.410404,-0.05,0.5,0,0
-20.17948,-7.200617,12.06699|0,0,-0.1,0.8,0,0
-16.85686,-7.501036,12.25488|0,-0.08461511,-0.15,0.75,0,0
-15.25686,-6.40631,12.25488|0,0,0,0.4,0,0
-11.45685,-6.333604,12.25488|0,0,0,0.95,0,0
-0.6564078,-7.65004,12.25488|0,0,0.35,2.7,0,0
-0.6620474,-9.116563,12.1549|0,0.05890793,0,0,0,0
-0.6676395,-9.330413,12.05493|0,0.1224929,0,0,0,0
-0.4788812,-9.194709,11.9631|0.09727496,0.2197679,0,0,0,0
0.01978234,-8.363513,11.79204|0.192336,0.3148289,0,0,0,0
0.3019647,-7.990505,11.7104|0.2894011,0.411894,0,0,0,0
0.5510744,-6.869127,11.31361|0.07424408,0.6270509,0,0,0,0
-0.04423466,-7.88583,11.21364|0,0.710571,0.35,-0.15,0,0
-1.844723,-10.3807,11.01368|0,0.8036939,0.6,-0.45,0,0
-2.861634,-11.86274,10.91376|0,0.865416,0.25,-0.25,0,0
-5.542559,-14.17007,10.61421|0,1,0.25,-0.65,0,0
-5.903488,-15.59486,10.31572|0,1,0,-0.05,0,0
-6.161189,-16.34292,10.21628|0,1,0.05,-0.05,0,0
-6.884016,-17.07376,10.01752|0,1,0.15,-0.15,0,0
-7.153245,-16.84844,9.918269|0,1,0.05,-0.05,0,0
-7.300143,-15.89646,9.719913|0,1,0,0,0,0
-7.453063,-15.59844,9.521625|0,1,0,0,0,0
-7.69488,-14.31979,9.224331|0,1,0.05,0,0,0
-7.778948,-14.16384,9.125272|0,1,0,0,0,0
-7.864919,-14.44912,9.026234|0,1,0,0,0,1
0.6623429,-25.26619,3.27735|0,1,0,0,0,0
0.6829963,-27.21185,3.177611|0,1,0,0,0,0
0.7543329,-31.9793,2.878503|0,1,0,0,0,0
0.8425589,-38.99541,2.579603|0,1,0,0,0,0
1.044177,-39.19459,2.480408|0.0723179,1,0,0,0,0
1.91295,-36.97859,2.284581|0.156192,1,0,0,0,0
2.591481,-35.96687,2.188607|0.217233,0.938959,0,0,0,0
3.66789,-36.13211,2.09749|0.3142169,0.8419752,0,0,0,0
4.044575,-33.95866,1.910891|0.2010237,0.728782,-0.25,-0.4,0,0
-7.33128,-27.80322,1.516171|0.005078852,0.5328372,-1.65,-3.15,0,0
-22.53131,-34.7863,1.516171|0,0,-1.15,-3.8,0,0
-34.12463,-28.02486,1.700621|0,-0.08921385,-0.9,-3.55,0,0
-38.71259,-28.94709,1.783623|0,-0.183918,-0.3,-1.6,0,0
-36.77297,-27.63442,1.862079|0,-0.247905,0,0,0,0
-33.36073,-26.37075,2.024695|0,-0.358785,0,0,0,0
-29.1897,-25.43377,2.279796|0,-0.5576039,0,0,0,0
-26.90307,-21.43585,2.455508|0,-0.640695,0,0,0,0
-23.81772,-20.25333,2.538162|0.09924603,-0.739941,0.4,0.45,0,0
-17.26767,-18.24413,2.700413|0.191295,-0.8319899,0.5,1,0,0
-13.33216,-17.87493,2.784187|0.259707,-0.900402,0.3,0.7,0,0
-10.55993,-14.41902,2.951767|0.3751829,-1,0.2,0.15,0,1
-13.48815,-9.552158,4.343945|0.589512,-1,0,-0.05,0,0
-12.53772,-10.52617,4.412697|0.6613739,-1,0,0,0,0
-10.88164,-11.15659,4.56487|0.546768,-1,-0.05,0,0,0
-11.56345,-10.57077,4.646472|0.4597288,-1,-0.2,-0.35,0,0
-15.18352,-11.16511,4.820972|0.3280079,-1,-0.25,-1.2,0,0
-15.86658,-9.924243,5.191491|0.1347869,-1,-0.05,-0.6,0,0
-15.49853,-8.741792,5.28558|0.06440395,-0.929617,0,0,0,0
-15.21331,-7.7386,5.381908|0.0004017949,-0.8656149,0,0,0,0
-14.93862,-7.220479,5.47838|0,-0.7693629,0,0,0,0
-14.41735,-5.705438,5.67169|0,-0.673867,0,0,0,0
-13.93052,-3.699888,5.865449|0,-0.578044,0,0,0,0
-13.25831,-4.110517,6.156802|0,-0.375217,0,0,0,0
-13.04805,-4.834605,6.254111|0,-0.293026,0,0,0,0
-12.84426,-5.380191,6.351505|0,-0.2296719,0,0,0,0
-12.84426,-5.670187,6.351505|0,0,0,0,0,0
-12.84426,-5.670187,6.351505|0,0,0,0,0,0
-12.84426,-5.670187,6.351505|0,0,0,0,0,0
8.955743,-6.531889,6.351505|0,0,0.25,5.45,0,0
10.95574,-6.986598,6.351505|0,0,0.1,0.5,0,0
10.95574,-6.986598,6.351505|0,0,0,0,0,0
10.95574,-6.986598,6.351505|0,0,0,0,0,0
10.95574,-6.986598,6.351505|0,0,0,0,0,0
10.95574,-6.986598,6.351505|0,0,0,0,0,0
9.355741,-5.941913,6.351505|0,0,-0.25,-0.4,0,0
6.955759,-5.088851,6.351505|0,0,-0.2,-0.6,0,0
0.9557254,-2.827709,6.351505|0,0,-0.55,-1.5,0,0
-2.644269,-1.638889,6.351505|0,0,-0.3,-0.9,0,0
-3.044333,-1.442387,6.351505|0,0,-0.05,-0.1,0,0
-3.044333,-1.442387,6.351505|0,0,0,0,0,0
-6.248899,-3.977443,5.952387|0,0.2121629,0,-0.75,0,0
-6.755518,-4.873872,5.853066|0,0.308736,0,-0.1,0,0
-6.994118,-5.263284,5.654663|0,0.207258,0,0,0,1
-13.98528,1.8312,12.15831|0,0.1133521,0,0,0,0
-14.21679,2.571387,11.96437|0,0.01730704,0,0,0,0
-14.21679,2.728428,11.96437|0,0,0,0,0,0
-14.21679,2.728428,11.96437|0,0,0,0,0,0
-14.45594,2.812786,11.77064|0,0.1101869,0,0,0,0
-14.57848,3.176012,11.67385|0,0.168228,0,0,0,0
-14.70305,3.62142,11.57711|0,0.266784,0,0,0,0
-14.95861,4.121271,11.38381|0,0.3614309,0,0,0,0
-15.49664,2.414435,10.99794|0,0.1325099,0,0,0,0
-15.63708,2.194905,10.90162|0,0.0646019,0,0,0,0
-15.78002,1.948529,10.80538|0,0.001907766,0,0,0,0
-15.78002,2.148036,10.80538|0,0,0,0,0,0
-15.78002,2.148036,10.80538|0,0,0,0,0,0
-14.58003,1.579543,10.80538|0,0,0.15,0.3,0,0
-6.933897,-9.853411,10.41884|0,0.2285489,2.4,2.05,0,0
-6.800975,-10.12689,10.3196|0,0.292293,0.1,0.05,0,0
-6.867357,-9.748082,10.22034|0,0.357612,0,0,0,0
-6.935057,-9.278982,10.12109|0,0.439299,0,0,0,0
-7.074543,-8.772679,9.922634|0,0.5366099,0,0,0,0
-7.037623,-7.776323,9.769339|0,0.72549,0,0,0,0
-6.735224,-8.049984,9.539819|0,0.9295739,0.25,0.1,0,0
-6.806395,-8.301109,9.440546|0,0.988779,0,0,0,0
-6.953389,-9.499247,9.242045|0,1,0,0,0,0
-7.106829,-10.34952,9.043612|0,1,0,0,0,0
-7.267172,-11.22725,8.845249|0,1,0,0,0,0
-7.436272,-12.83015,8.581161|0,1,0,0,0,0
-7.613293,-12.38558,8.382936|0,1,0,0,0,0
-7.703904,-11.8463,8.283962|0,1,0,0,0,0
-6.893981,-10.72279,8.085891|0,1,-0.1,0.25,0,0
-7.068412,-10.19208,7.887455|0,1,0,0,0,0
-7.159002,-9.57713,7.788267|0,1,0,0,0,0
-7.545587,-9.658971,7.391737|0,1,0,0,0,0
-7.648808,-10.49574,7.292663|0,1,0,0,0,0
-7.754891,-11.27002,7.193615|0,1,0,0,0,0
-7.976022,-12.05082,6.9956|0,1,0,0,0,0
-8.091361,-12.78157,6.896636|0,1,0,0,0,0
-8.332275,-14.5539,6.6988|0,1,0,0,0,0
-8.721591,-14.61436,6.402297|0,1,0,0,0,0
-8.859492,-13.95335,6.303536|0,1,0,0,0,0
-9.14875,-13.1132,6.106136|0,1,0,0,0,1
92.79117,-105.4229,3.790235|0,1,0,0,0,0
94.30154,-113.913,3.796404|0,1,0,0,0,0
97.30211,-130.4827,3.816591|0,1,0,0,0,0
101.9243,-135.2748,3.866121|0,0.778576,-0.1,0.05,0,0
104.7963,-137.1164,3.912269|0,0.690232,0,0,0,0
104.7963,-137.0833,3.912269|0,0,0,0,0,0
103.3688,-133.3099,3.887978|0,-0.07505107,0,0,0,0
100.4642,-121.6613,3.84674|0,-0.198324,0,0,0,0
90.80786,-86.54352,3.80381|0,-0.3965521,-1.45,-1.3,0,0
84.99097,-67.64414,3.806262|0,-0.479121,-0.5,-0.7,0,0
81.69247,-56.52657,3.816278|0,-0.5568121,-0.25,-0.45,0,0
71.54088,-32.21461,3.850212|0,-0.6687421,-0.45,-1.8,0,0
54.54622,-11.89234,3.944741|0.1174289,-0.786171,-0.4,-3.6,0,0
38.40623,-4.559692,4.020415|0.208344,-0.8770861,-0.15,-3.8,0,0
-9.633617,4.03551,4.405646|0.4113899,-1,0.45,-11.65,0,0
-20.50368,5.919934,4.487995|0.470271,-1,0.15,-2.9,0,0
-31.34875,8.239476,4.553771|0.5493209,-1,0.2,-2.95,0,0
-37.92325,11.04373,4.644084|0.6466529,-1,0.2,-2.2,0,0
-41.93725,14.01415,4.671038|0.7539539,-1,0.25,-1.3,0,0
-42.51474,16.13971,4.700206|0.865605,-1,0.15,-0.75,0,0
-39.65227,13.30116,4.690545|1,-0.805336,0,-0.2,0,0
-38.42978,12.03819,4.686355|1,-0.7436711,0,0,0,0
-35.98344,10.772,4.672951|1,-0.6583812,0,0,0,0
-33.53773,8.322701,4.650473|1,-0.5384651,0,0,0,0
-32.31738,7.088726,4.634798|1,-0.4431131,0,0,0,0
-29.88518,6.614468,4.593141|1,-0.3456342,0,0,0,0
-25.36621,10.10501,4.407762|1,0,-0.05,0,0,0
-24.82053,9.682899,4.359472|1,0.07209009,-0.2,-0.15,0,0
-23.02609,11.37264,4.245932|1,0.192861,-0.1,-0.1,0,0
-22.14478,12.01506,4.185279|1,0.2663911,-0.1,-0.05,0,0
-20.24647,12.36139,4.053887|1,0.3648121,-0.05,-0.05,0,0
-19.21643,11.73799,3.984744|1,0.4473242,0,0,0,0
-16.29313,9.976222,3.635475|0.746032,0.7012922,0,0,0,1
97.17353,105.2856,2.469312|0.6787211,0.6339812,0,0,0,0
99.91743,123.1735,2.633824|0.60052,0.5557802,-0.1,0.05,0,0
101.252,127.3756,2.718439|0.5063081,0.4615683,-0.5,0.05,0,0
103.2672,126.1943,2.892041|0.4111541,0.3664142,-0.05,0,0,0
102.4127,116.2149,3.086467|0.292594,0,0,0,0,0
95.08853,88.6168,3.138921|0.06617212,-0.2264219,0,0,0,0
93.26093,81.53326,3.131659|0,-0.309261,0,0,0,0
91.22667,75.76563,3.127581|0,-0.370854,0,-0.05,0,0
85.55365,64.72379,3.129704|0,-0.4874489,0,-0.5,0,0
64.31209,29.66466,3.193852|0.140076,-0.627525,0.2,-4.45,0,0
5.458477,7.832958,3.556273|0.337359,-0.4302421,0.75,-14,0,0
-6.295257,6.435199,3.63169|0.396507,-0.371094,0.1,-3.2,0,0
-16.46052,6.629275,3.672483|0.488787,-0.278814,0.2,-2.9,0,0
-14.74083,8.400482,3.681574|0.583509,-0.184092,0.05,-0.35,0,0
-13.18373,10.05639,3.67465|0.652695,-0.114906,0,0,0,0
-12.50618,10.1959,3.634346|0.7831051,0,-0.6,-0.6,0,0
-0.6419396,7.548707,3.522095|0.9882991,0.205194,-1.65,1.85,0,0
0.9414921,9.452802,3.497053|1,0.26202,0,0,0,0
4.112708,10.33272,3.439479|1,0.34998,0,0,0,0
7.302105,7.235652,3.374773|1,0.4582888,0,0,0,0
8.900421,5.715323,3.339183|1,0.5542889,0,0,0,0
12.11567,4.838129,3.262775|1,0.649815,0,0,0,0
18.20444,-0.1170339,3.042953|0.7738181,0.8759969,0,0,0,0
3.778387,0.8891146,2.98671|0.7041881,0.9456269,0.25,-4,0,0
-13.27662,-1.896098,2.905993|0.61501,1,-0.3,-4.55,0,0
-41.71125,-15.03134,2.619233|0.4710881,0.856078,0,-7.55,0,0
-48.09674,-20.01393,2.523103|0.3941621,0.7791521,0.1,-1.45,0,0
-53.69938,-40.18196,2.191|0.1732361,0.558226,0,-0.05,0,0
-55.53405,-41.93574,2.118648|0.09614509,0.4811351,0,0,0,0
-60.46383,-40.34079,2.012936|0,0.342607,0,-0.05,0,0
-63.01794,-39.27276,1.965896|0,0.283033,0,0,0,0
-68.48662,-42.618,1.884255|0,0.1846181,0,0,0,0
-76.59869,-43.14385,1.821013|0,0.07051301,-0.1,-0.55,0,0
-65.77026,-24.82873,1.533539|0.214563,0,-0.5,2.05,0,0
-62.9206,-28.34972,1.444028|0.278181,0,-0.1,0.3,0,0
-60.1699,-33.48279,1.356966|0.341052,0,-0.1,0.2,0,0
-54.68405,-40.68177,1.190504|0.4378679,0,-0.1,0.15,0,0
-46.34581,-44.17225,1.085416|0.5528489,-0.1149809,0,0,0,0
-41.2433,-47.24154,1.058639|0.6407819,-0.2029139,-0.05,0,0,0
-20.59261,-39.52887,1.154982|0.4223068,-0.421389,0,0,0,0
-16.56459,-32.5256,1.211735|0.3557609,-0.4879349,0,0,0,0
-13.38511,-26.06706,1.283786|0.2921008,-0.551595,0,0,0,0
-9.390634,-18.81864,1.457812|0.1947777,-0.6489181,0,0,0,0
-5.688064,-9.113134,1.629941|0.3081327,-0.7622731,0,0,0,0
-3.966547,-4.963924,1.715854|0.3977666,-0.851907,0,0,0,0
2.662196,-6.344059,2.050468|0.6260966,-1,0,0,0,1
100.9892,-111.1919,4.157352|0.6948747,-1,0,-0.05,0,0
98.40337,-104.8894,4.254312|0.8050616,-1,-0.05,-0.05,0,0
96.25419,-100.9723,4.372071|0.9473877,-1,-0.05,0,0,0
95.24525,-99.49752,4.435257|1,-1,0,0,0,0
91.48991,-84.91238,4.700802|0.790615,-0.790615,0,0,0,0
90.61773,-78.312,4.770121|0.7317759,-0.7317759,0,0,0,0
89.77078,-72.40932,4.840513|0.654259,-0.654259,0,0,0,0
87.94969,-58.09135,4.984334|0.5558709,-0.5558709,0.05,-0.05,0,0
84.97703,-39.31948,5.05791|0.4639359,-0.4639359,0.35,-0.55,0,0
81.76311,-21.0043,5.212602|0.3652329,-0.3652329,0.3,-0.45,0,0
75.80396,-23.60689,5.610804|0.5910098,-0.139456,0.65,-1.4,0,0
68.94443,-16.22742,5.709756|0.6593469,-0.07111883,0.2,-1.75,0,0
54.49943,-6.993894,5.803117|0.7340379,0,0,-3.7,0,0
29.61555,-3.676422,5.966945|0.8196279,0,0.2,-6.5,0,0
0.6437659,-4.226097,6.016936|0.9165488,0,0.45,-7.45,0,0
-16.85169,-6.187005,6.022474|1,0,0.35,-4.85,0,0
-18.14056,-4.199506,5.918995|0.7786659,0,0.05,-1.25,0,0
-17.21519,-3.998264,5.888642|0.7065429,0,0,0,0,0
-16.28045,-3.354388,5.859833|0.7847019,0,0,0,0,0
-15.33661,-2.508192,5.832705|0.8657828,0,0,0,0,0
-13.42379,-1.266714,5.783066|0.9602919,0,0,0,0,0
-11.48003,-2.139637,5.73997|1,0,0,0,0,0
-10.07983,-3.727201,5.626005|1,0.2172809,-0.15,-0.35,0,0
-9.617544,-4.490782,5.5417|1,0.2829959,-0.05,-0.35,0,0
-10.70164,-5.006994,5.494481|1,0.3451651,-0.1,-0.5,0,0
-12.63356,-5.691543,5.43838|1,0.44295,-0.05,-0.7,0,0
-11.48685,-5.965717,5.300548|0.891373,0.551577,-0.05,-0.1,0,0
-10.11332,-4.893408,5.144623|0.778381,0.664569,0,0,0,1
-57.20884,-53.08595,1.096771|0.582247,0.860703,0,0,0,0
-63.24315,-60.66762,1.090787|0.4994919,0.9434581,0,0,0,0
-67.37025,-65.72294,1.09242|0.6136178,0.8293322,-0.5,-0.45,0,0
-73.07497,-77.86672,1.102122|0.5225888,0.7383032,-0.15,-0.15,0,0
-66.22109,-64.33413,1.091032|0.3543728,0,0,0,0,0
-56.84453,-51.69097,1.075589|0.2114917,-0.1428811,0,0,0,0
-46.23775,-43.5257,1.107846|0.1263908,-0.227982,0,0,0,0
-41.13692,-40.45481,1.12984|0.1953098,-0.296901,0,0,0,0
-36.53317,-37.76679,1.168785|0.2842568,-0.3858481,0,0,0,0
-23.77412,-33.14057,1.234957|0.3890167,-0.490608,-0.15,0.9,0,0
-3.132754,-29.66851,1.334217|0.5216137,-0.623205,0,3.2,0,0
29.78698,-22.27045,1.640557|0.7261568,-0.8277481,-0.7,5.75,0,0
30.86341,-19.74361,1.737674|0.7843989,-0.8859901,-0.05,0.1,0,0
31.46494,-16.55672,1.835047|0.8818027,-0.983394,0,0,0,0
32.76772,-10.59608,2.028831|0.9894097,-1,0,0,0,0
33.86558,-9.772698,2.223544|1,-1,0,0,0,0
29.9446,-8.543506,2.321238|1,-1,-0.35,-1.1,0,0
18.66165,-6.750204,2.610836|1,-1,-0.15,-3.25,0,0
16.40647,-6.743402,2.700482|1,-1,0.05,-0.8,0,0
14.90788,-8.109538,2.882028|0.889432,-1,0.15,-0.8,0,0
16.00732,-7.858527,3.065826|0.7950251,-1,0,-0.1,0,0
16.39725,-6.94783,3.160321|0.698767,-1,0.05,-0.05,0,0
16.06787,-3.966399,3.353654|0.603781,-1,0.05,-0.3,0,0
13.38832,-1.518267,3.651328|0.4122189,-1,0.2,-0.8,0,1
32.83914,-3.90194,3.394721|0.350386,-1,0,0,0,0
31.8184,-0.4015385,3.584452|0.2541521,-1,0,0,0,0
31.26172,0.234068,3.677862|0.1930179,-1,0,0,0,0
28.79574,1.527775,3.767883|0.09348398,-1,-0.35,-0.45,0,0
23.13893,1.02412,4.032918|0,-1,-0.25,-0.9,0,0
16.06894,0.8545501,4.363541|-0.22266,-1,-0.15,-1,0,0
13.12394,0.7674484,4.454225|-0.1577311,-1,0,-0.6,0,0
9.524232,1.379275,4.549057|-0.09368402,-1,-0.05,-0.8,0,0
3.124306,3.945609,4.746174|0,-1,-0.15,-1.5,0,0
-0.6019843,6.08589,4.945663|0,-0.884674,-0.05,-0.9,0,0
-7.56766,7.702936,5.245342|0,-0.6941529,0.1,-1.75,0,0
-8.490147,9.359584,5.44348|0,-0.6103419,0.05,-0.3,0,0
-8.937384,9.60343,5.542317|0,-0.5480889,0,-0.15,0,0
-11.57948,9.176481,5.64104|0,-0.4497489,0,-0.7,0,0
-17.38511,-6.814315,5.83695|0,-0.3485769,0.2,-1.55,0,0
-23.01668,-4.438532,6.027967|0,-0.2334429,0.4,-1.55,0,0
-22.74996,-2.694571,6.304983|0,-0.04615301,0.1,-0.2,0,0
-22.74996,-4.937807,6.304983|0,0,0,0,0,0
-23.10683,-1.804176,6.212945|0,0.06269395,0.05,0,0,0
-23.27443,-1.137976,6.121158|0,0.159399,0.1,0.05,0,0
-23.63755,-1.029456,5.938093|0,0.2718689,0.2,0.1,0,0
-22.63649,-0.8882338,5.755573|0,0.36975,0.3,0.45,0,0
-18.27506,-1.44442,5.388902|0,0.599682,0.35,1.5,0,0
-18.61475,-1.942191,5.294127|0,0.6586289,0,0,0,0
-18.96684,-1.870221,5.199548|0,0.7235759,0,0,0,0
-19.289,0.01978234,5.001811|0.116766,0.6068099,0,0,0,0
-19.27786,1.169523,4.901923|0.1918049,0.531771,0,0,0,0
-18.19851,2.219467,4.71041|0.301071,0.422505,-0.05,0.1,0,0
-5.855514,-3.586759,4.601357|0.06819892,0,-0.25,1.9,0,1
-17.34747,-6.994595,4.96625|0,-0.109521,0.95,-0.55,0,0
-17.6843,-6.17803,5.1573|0,-0.20433,0.2,-0.25,0,0
-16.83278,-4.319966,5.348012|0,-0.3105479,0,0.05,0,0
-15.92773,-3.503082,5.443717|0,-0.416889,-0.1,0.15,0,0
-14.44786,0.7486043,5.829073|0,-0.6198689,-0.2,0.1,0,0
-15.60644,-2.536439,5.925889|0,-0.708969,-0.4,-0.35,0,0
-19.10225,-6.968831,6.118612|0,-0.807945,-1.4,-1,0,0
-10.84548,13.25325,6.295689|0.109989,-0.697956,-1.75,1.85,0,0
-10.41833,13.24419,6.383773|0.194163,-0.613782,0,0,0,0
-9.251025,12.45813,6.53437|0.305325,-0.50262,0,0,0,0
-5.757009,11.63518,6.48214|0.5097569,0,0,0,0,0
-4.901888,12.22108,6.455869|0.4339378,0.07581908,0,0,0,0
-4.093282,12.83773,6.413908|0.3719548,0.1378021,0,0,0,0
-3.453717,13.24092,6.343689|0.2733058,0.236451,0,0,0,0
-2.06232,13.62208,6.214218|0.1605808,0.123726,0,0,0,0
-2.318578,13.01461,6.145906|0.05586576,0.01901096,0.5,-0.5,0,0
-7.318583,-7.208623,6.145906|0,0,0.85,-1.25,0,0
-8.91857,-6.568771,6.145906|0,0,0.15,-0.4,0,0
-10.31858,-5.927347,6.145906|0,0,0.15,-0.35,0,0
-12.46385,-6.47805,5.949391|0,0.131613,0.55,-0.45,0,0
-13.67533,-3.421653,5.851862|0,0.2041529,0.6,-0.25,0,0
-15.15454,2.779181,5.657885|0,0.312384,1.05,-0.25,0,0
-16.2919,7.572793,5.273174|0,0.53523,0.5,0,0,0
-16.60268,8.586638,5.177359|0,0.59637,0,0,0,1
-15.51504,6.980867,6.147233|0,0.6954691,0,0.05,0,0
-14.70038,7.506449,5.858926|0,0.836544,0.25,0.4,0,0
-14.15291,6.926822,5.762331|0,0.922308,0,0.2,0,0
-11.32164,5.379535,5.472173|0,0.7239479,-0.2,0.9,0,0
-11.54842,3.860214,5.276391|0,0.6491969,-0.05,0.05,0,0
-11.54842,6.224599,5.276391|0,0,-0.1,0,0,0
-11.3348,2.223344,5.374312|0,-0.08656204,-0.1,0,0,0
-11.13012,1.517106,5.570377|0,-0.1968659,-0.2,-0.05,0,0
-11.53481,1.591884,5.668447|0,-0.2814869,-0.15,-0.15,0,0
-11.7781,1.906905,6.060594|0,-0.4915169,-0.25,-0.25,0,0
-11.78805,2.418647,6.158453|0,-0.543945,0,-0.05,0,0
-11.60084,2.925363,6.25631|0,-0.4571371,0,0,0,0
-11.24348,3.124243,6.452221|0,-0.3497912,0,0,0,0
-11.07283,2.600077,6.550271|0,-0.257187,0,0,0,0
-10.74642,1.032872,6.746539|0,-0.13629,0,0,0,0
-10.74642,0.3286494,6.746539|0,0,0,0,0,0
-10.90723,0.6829963,6.648376|0,0.06501889,0,0,0,0
-11.07283,0.4751895,6.550271|0,0.149106,-0.05,0,0,0
-12.21942,-0.3310224,6.354234|0,0.250911,0,-0.2,0,0
-13.01337,-0.9598116,6.2566|0,0.3393209,0,-0.15,0,0
-13.43935,-1.390157,6.062041|0,0.4524838,0,0,0,0
-14.13217,1.140209,5.770897|0,0.2551947,0,0,0,0
-14.3789,1.894859,5.674055|0,0.1973308,0,0,0,0
-14.89859,2.903197,5.48071|0,0.1079187,0,0,0,0
-15.17246,3.856915,5.384219|0,0.01247066,0,0,0,0
-15.17246,2.316889,5.384219|0,0,0,0,0,0
-15.55072,5.812104,5.191637|0,0.117813,0.05,0.05,0,0
-12.69153,7.11698,4.903579|0,0.306741,0.45,0.95,0,0
-12.75376,6.560287,4.806182|0,0.3669271,0,0.05,0,0
-13.30302,6.099501,4.611561|0,0.2736631,-0.05,0,0,1
-13.97935,1.829062,6.659631|0,0.1823671,0,0,0,0
-14.40774,0.6327289,6.465855|0,0.06953716,0,0,0,0
-14.40774,2.919334,6.465855|0,0,0,0,0,0
-13.57521,0.6720214,6.853765|0,-0.216222,0,0,0,0
-13.38164,1.263001,6.950957|0,-0.2748089,0,0,0,0
-13.19338,1.632668,7.048227|0,-0.37578,0,0,0,0
-12.83212,1.897645,7.242991|0,-0.4687979,0,0,0,0
-12.48979,2.846957,7.438034|0,-0.5795159,0,0,0,0
-12.32528,3.139246,7.535652|0,-0.674403,0,0,0,0
-11.70784,1.287704,7.926719|0,-0.459717,0,0,0,0
-11.56289,0.7631016,8.024624|0,-0.4020571,0,0,0,0
-11.42141,0.5460806,8.122579|0,-0.3261811,0,0,0,0
-11.14852,-0.5274898,8.318637|0,-0.2187991,0,0,0,0
-11.01689,-1.208204,8.416735|0,-0.1219921,0,0,0,0
-11.01689,0.5241405,8.416735|0,0,0,0,0,0
-11.56289,-0.4853748,8.024624|0,0.204129,0,0,0,0
-11.70784,0.2220564,7.926719|0,0.273387,0,0,0,0
-11.85641,0.7610474,7.828868|0,0.3346801,0,0,0,0
-12.16497,1.441301,7.633332|0,0.445884,0,0,0,0
-12.32528,2.12946,7.535652|0,0.540858,0,0,0,0
-11.25867,3.949974,7.340479|0,0.6438181,0.15,0.35,0,0
-1.935125,-4.919482,7.046647|0,0.8488711,0.4,2.45,0,0
-1.762919,-4.416989,6.946759|0,0.908871,0,0.05,0,0
-1.815315,-4.057289,6.746969|0,0.983691,0,0,0,0
-1.242538,-3.591887,6.647079|0,1,-0.05,0.15,0,0
-1.081189,-2.412164,6.447251|0,1,0,0.05,0,0
-1.115749,-1.985837,6.247418|0,1,0,0,0,1
-66.91865,-16.79909,6.579309|0,1,0,0,0,0
-67.72504,-17.62473,6.540777|0,1,-0.05,0,0,0
-69.36584,-20.93584,6.467662|0,0.9132161,0,0,0,0
-70.19991,-22.7897,6.433125|0,0.8300592,0,0,0,0
-70.19991,-17.48576,6.433125|0,0,0,0,0,0
-67.72504,-19.96134,6.540777|0,-0.171408,0,0,0,0
-67.11865,-18.37582,6.579309|0,-0.24477,0,-0.05,0,0
-67.12061,-16.53312,6.61881|0,-0.3225271,-0.2,-0.2,0,0
-67.12728,-15.52472,6.658303|0,-0.401355,-0.1,-0.2,0,0
-65.75935,-13.01156,6.738514|0,-0.497139,0,-0.05,0,0
-64.22689,-9.318779,6.823019|0,-0.5931721,0,0,0,0
-63.87509,-7.977818,6.867065|0,-0.694008,-0.1,-0.1,0,0
-64.95451,-10.53248,7.052251|0,-0.4611329,-0.35,-1,0,0
-65.62248,-11.17653,7.095141|0,-0.402228,-0.05,-0.35,0,0
-68.49086,13.18087,7.136975|0,-0.3334379,-0.1,-0.9,0,0
-79.81184,29.95144,7.212668|0,-0.208059,-0.35,-3.2,0,0
-95.90419,97.61272,7.097119|0.106122,-0.101937,-0.2,-4.35,0,0
-117.2421,146.586,6.897937|0.203982,-0.004076958,0,-5.3,0,0
-153.0291,157.9014,6.632788|0.395793,0,-0.35,-8.650001,0,0
-160.6048,157.8054,6.588065|0.454194,0,-0.2,-1.7,0,0
-169.6297,157.9731,6.555555|0.522159,0,-0.2,-2.05,0,0
171.3251,159.2167,6.484931|0.6502231,-0.128064,-0.05,-4.35,0,0
159.8461,158.7741,6.473484|0.726165,-0.204006,-0.1,-2.65,0,0
144.4756,155.8347,6.477332|0.819336,-0.297177,-0.2,-3.4,0,0
98.20323,-116.0421,6.544696|1,-0.521979,-0.25,-10.7,0,0
86.46016,-58.36029,6.622819|1,-0.592608,0,-2.8,0,0
78.42471,-30.46846,6.709004|1,-0.678978,0.05,-1.9,0,0
73.46996,-22.83962,6.887761|1,-0.796497,-0.05,-1.05,0,0
70.90009,-14.51575,7.06437|0.9006549,-0.8958421,0,-0.45,0,0
50.11769,4.39837,7.30911|0.698164,-1,-0.15,-4.85,0,0
37.84549,7.95389,7.499517|0.627505,-1,0,-2.95,0,0
22.10829,10.09964,7.597824|0.517636,-1,0,-3.9,0,0
10.53106,11.76986,7.797715|0.4244739,-1,-0.05,-2.9,0,0
0.03426402,11.71048,7.89655|0.347842,-1,0,-2.65,0,0
-13.2336,10.24016,8.091228|0.2373071,-1,0.05,-3.4,0,0
-18.55433,9.172197,8.409848|0.4617041,-1,-0.1,-1.75,0,0
-19.4539,8.773352,8.477391|0.5238972,-0.9378069,-0.05,-0.35,0,0
-19.50599,8.290553,8.535572|0.6049632,-0.8567409,0,-0.15,0,0
-18.331,8.328928,8.630626|0.7014372,-0.7602668,0,0,0,0
-17.09668,9.519958,8.702495|0.8105052,-0.6511989,0,0,0,0
-16.46049,10.10268,8.727821|0.9069281,-0.554776,0,0,0,0
-13.90986,11.65153,8.623056|0.6779409,0,0,0,0,0
-13.28334,12.20839,8.589152|0.6112299,0.06671101,0,0,0,0
-12.68425,12.48331,8.544649|0.547087,0.1308539,0,0,0,0
-11.62813,11.75871,8.419898|0.452719,0.2252219,0,0,0,0
-10.85408,10.44629,8.254661|0.3419409,0.336,0,0,0,0
-10.62512,10.0851,8.160224|0.247357,0.430584,0,0,0,0
-12.73275,4.354467,7.76665|0.008464038,0.6694769,0.85,-0.4,0,0
-13.09747,3.538727,7.669184|0,0.7270589,0.1,-0.05,0,0
-13.44505,3.149954,7.474614|0,0.8254289,0.2,0,0,0
-13.41121,3.19788,7.280338|0,0.9313769,0.25,0.1,0,0
-13.3963,2.803794,7.183152|0,1,0.15,0.05,0,0
-13.58375,2.877596,7.085961|0,1,0,0,0,0
-14.38787,4.844967,6.698026|0,0.769342,0,0,0,1
25.80077,6.106439,9.234628|0,0.7156569,0,0,0,0
26.35175,4.816742,9.055039|0,0.6156729,0,0,0,0
26.63551,4.165981,8.96557|0,0.5569359,0,0,0,0
27.52501,3.748887,8.876326|0,0.4473909,0,0.15,0,0
28.13396,2.868057,8.699515|0,0.3507009,0,0,0,0
28.13396,3.607226,8.699515|0,0,0,0,0,0
27.82642,2.338415,8.787797|0,-0.06255609,0,0,0,0
27.22955,1.740576,8.965096|0,-0.2021161,0,0,0,0
26.93992,2.001152,9.054101|0,-0.262977,0,0,0,0
25.17742,3.758173,9.232785|0,-0.363408,-0.1,-0.3,0,0
21.1159,7.776677,9.323355|0,-0.4609112,-0.8,-0.95,0,0
20.86422,11.68516,9.697457|0,-0.6681361,-0.55,0.15,0,0
20.65574,12.25879,9.790938|0,-0.718962,0,0,0,0
20.45122,12.57172,9.884547|0,-0.630531,0,0,0,0
20.05359,12.08106,10.07213|0,-0.5229029,0,0,0,0
19.67052,11.15842,10.26019|0,-0.4307009,0,0,0,0
19.48421,10.98012,10.35439|0,-0.317928,0,0,0,0
15.88421,12.49343,10.35439|0,0,-0.35,-0.9,0,0
13.23712,11.97768,10.25826|0,0.06474298,0.1,-0.7,0,0
12.96625,11.3259,10.16097|0,0.1266419,0.05,-0.1,0,0
11.22432,10.09571,9.966224|0,0.2410739,0.05,-0.5,0,0
6.252663,9.161415,9.77018|0,0.3322349,0.2,-1.3,0,0
-1.482794,8.330437,9.670808|0,0.4324259,0.3,-1.95,0,0
-11.14672,7.477507,9.271066|0,0.664395,0.45,-2.4,0,0
-11.26752,7.843376,9.173003|0,0.7247459,0,0,0,0
-11.517,8.807275,8.977007|0,0.820278,0,0,0,0
-11.64591,9.020381,8.879075|0,0.883149,0,0,0,0
-11.91238,8.268616,8.683353|0,1,0,0,0,0
-12.0502,7.59608,8.585567|0,1,0,0,0,0
-15.0343,4.356985,8.194953|0,1,0.35,-0.6,0,0
-15.40591,3.045169,8.002046|0,1,0,0,0,0
-15.5959,2.100496,7.809494|0,1,0.15,0.05,0,0
-14.59569,1.091995,7.713265|0,1,0.35,0.3,0,0
-13.57988,0.8793777,7.519976|0,1,0.3,0.35,0,0
-11.73846,0.2238118,7.228848|0,1,0.35,0.6,0,0
-11.2701,0.9924868,7.03325|0,1,0.1,0.2,0,0
-9.431673,0.4821389,6.93526|0,1,0.2,0.5,0,0
-8.510524,-1.078834,6.738155|0,1,0.15,0.3,0,0
-8.769925,-2.725414,6.540543|0,1,0,0,0,0
-8.905651,-3.190403,6.441785|0,1,0,0,0,1
-83.16249,-46.53887,6.414438|0,1,0,0,0,0
-84.94344,-51.72212,6.393727|0,1,0,0,0,0
-81.23782,-41.04877,6.385696|0,0.9036341,-0.05,1.15,0,0
-80.22047,-37.7317,6.358322|0,0.801244,-0.1,0.7,0,0
-82.00664,-42.91352,6.327443|0,0.705982,0,0,0,0
-82.00664,-42.88798,6.327443|0,0,0,0,0,0
-78.45328,-28.96113,6.395309|0,-0.191325,0,0,0,0
-77.57774,-25.78305,6.416061|0,-0.249984,0,0,0,0
-77.30807,-25.25469,6.4383|0,-0.350829,-0.05,-0.15,0,0
-80.18291,-34.84713,6.485149|0,-0.467151,-0.15,-1.15,0,0
-97.05035,-120.095,6.522205|0,-0.566241,-0.1,-4.65,0,0
-123.5764,157.1551,6.510695|0,-0.656547,0.35,-6.85,0,0
-162.141,164.4615,6.298532|0,-0.862884,1,-10.4,0,0
-162.4576,164.5464,6.203492|0,-0.9498121,0,-0.15,0,0
-162.1747,165.1425,6.108283|0,-0.999822,0,0,0,0
-161.5815,166.7146,5.91834|0,-1,0,0,0,0
-161.3644,167.0042,5.820916|0.09957004,-1,0,0,0,0
-161.1486,167.787,5.622239|0.200388,-0.899182,0,0,0,0
-167.4183,168.9045,5.231137|0.405447,-0.694123,-0.2,-1.35,0,0
-177.9118,167.2221,5.141736|0.4904641,-0.6091059,-0.2,-2.5,0,0
164.8169,164.2623,5.007185|0.5874991,-0.512071,-0.05,-3.9,0,0
145.9115,162.1747,4.980022|0.6816391,-0.417931,0.1,-4.45,0,0
130.0619,157.3719,5.019359|0.7623691,-0.3372009,0.05,-3.4,0,0
114.7322,147.1313,5.076791|0.8632472,-0.2363229,-0.2,-3.6,0,0
93.254,106.5901,5.34481|1,-0.04544204,-0.65,-5,0,0
81.33657,50.49611,5.544321|1,0,-0.3,-2.95,0,0
61.68963,-12.42793,5.643116|1,0,-0.4,-4.95,0,0
42.42418,-2.510454,5.819826|1,0,-0.2,-5.05,0,0
15.44551,2.909124,5.956475|1,0,-0.1,-7.1,0,0
-1.315666,6.434132,6.012791|1,0,-0.5,-4.65,0,0
-24.05494,15.45418,6.013391|1,0,-2.95,-6.4,0,0
-35.97836,22.02859,5.973358|1,0,-2.2,-3.2,0,0
-52.59391,26.60479,5.915208|1,0,-2.25,-4.35,0,0
-63.59707,24.41334,5.83615|1,0,-0.95,-2.9,0,0
-80.62331,0.6158028,5.56926|1,0,-0.6,-4.6,0,0
-82.65253,-4.863572,5.470706|1,0,0.1,-0.55,0,0
-69.67435,4.960292,5.074626|1,0,3.15,3.1,0,0
-65.27437,7.257095,4.981072|1,0,0.55,1,0,0
-53.27468,11.22056,4.800338|1,0,1,2.75,0,0
-44.39647,14.03573,4.641767|1,0,0.55,1.85,0,0
-34.37603,13.48277,4.504288|1,0,0.6,2.05,0,0
-19.70246,8.183598,4.342196|1,0,0.8,2.85,0,0
-14.24892,6.340102,4.309559|1,0,0.4,1.05,0,0
-8.439966,4.232395,4.264811|1,0,0.25,0.8,0,0
-4.212404,1.377998,4.231262|1,0,0.05,0.05,0,0
-2.857869,1.654221,4.225105|1,0,0,0,0,0
1.219007,4.720325,4.220819|0.806494,0,0,0,0,0
2.577166,5.252215,4.224126|0.7477359,0,0,0,0,0
3.932534,5.570774,4.229795|0.683794,0,0,0,0,0
6.628565,7.740198,4.24818|0.568321,0,0,0,0,1
48.07911,9.877687,6.635032|0.4811471,0,0,0,0,0
48.64996,9.578936,6.709726|0.3832659,0,0,0,0,0
47.88661,6.99538,7.098811|0.1577769,-0.225489,-0.05,0,0,0
47.08479,8.036828,7.185333|0.09248799,-0.2907779,-0.25,-0.1,0,0
53.18091,9.927196,7.392771|0,-0.428811,-1.55,1.95,0,0
52.56519,9.773523,7.453101|0,-0.4913519,0,0,0,0
51.95945,10.38095,7.514278|0,-0.5876969,0,0,0,0
50.7774,12.90341,7.63909|0,-0.684732,0,0,0,0
49.07625,15.30942,7.832154|0,-0.8971319,0,0,0,0
48.52788,16.31785,7.897994|0,-0.956256,0,0,0,0
47.45837,18.56014,8.031787|0,-1,0,0,0,0
46.93695,19.14419,8.099707|0,-1,0,0,0,0
43.72017,17.49664,8.23751|0,-1,0.3,-0.55,0,0
28.37502,14.57233,8.38314|0,-0.8805219,0.75,-3.6,0,0
24.23104,13.47324,8.648105|0,-0.693217,0.15,-0.8,0,0
23.16189,12.38889,8.739359|0,-0.633454,0.15,-0.2,0,0
18.6566,10.42938,8.923523|0,-0.5387829,0.4,-1,0,0
11.6533,9.368694,9.018293|0,-0.4358349,0.4,-1.7,0,0
5.801978,9.245394,9.214197|0,-0.3518919,0.35,-1.4,0,0
1.402071,8.881373,9.214197|0,0,0.3,-1.1,0,0
-0.3494264,8.152637,8.914387|0,0.187029,0.15,-0.45,0,0
-0.5549665,8.5338,8.814423|0,0.238203,0,-0.05,0,0
-1.367735,9.131207,8.614501|0,0.353682,0.1,-0.2,0,0
-4.383739,7.931993,8.514566|0,0.429846,0.35,-0.75,0,0
-8.08908,5.708392,8.31524|0,0.5427631,0.35,-0.9,0,0
-8.38724,5.003276,8.216286|0,0.6335941,0,-0.05,0,0
-9.215267,2.945768,7.820973|0,0.8471881,0.05,-0.1,0,0
-10.13411,2.005645,7.722323|0,0.9291421,0.05,-0.2,0,0
-11.20217,0.5322903,7.525616|0,1,0.1,-0.2,0,0
-12.50607,0.4788812,7.329622|0,1,0.1,-0.25,0,0
-12.8777,0.7860898,7.232076|0,1,0.05,-0.05,0,0
-13.2408,1.437766,7.03735|0,1,0,0,0,0
-14.03081,3.154984,6.648835|0,1,0,0,0,1
-28.40427,2.023811,6.181846|0,1,0,0,0,0
-28.85183,1.135566,6.094132|0,1,0,0,0,0
-29.31245,0.04423466,6.006802|0,0.904177,0,0,0,0
-30.27497,-1.555322,5.833363|0,0.7859139,0,0,0,0
-32.38117,-5.094815,5.491906|0,0.575083,0,0,0,0
-32.74911,-5.536721,5.407796|0,0.50332,-0.05,0.05,0,0
-32.53183,-5.326529,5.324043|0,0.4387209,-0.05,0.2,0,0
-31.93183,-1.588069,5.324043|0,0,-0.05,0.15,0,0
-30.62774,-2.7087,5.494644|0,-0.08369404,-0.05,0.05,0,0
-29.30425,-1.372163,5.580852|0,-0.168678,-0.05,0.2,0,0
-27.30425,0.1384764,5.580852|0,0,-0.2,0.5,0,0
-27.10425,0.1582588,5.580852|0,0,0,0.05,0,0
-27.10425,0.1582588,5.580852|0,0,0,0,0,0
-27.10425,0.1582588,5.580852|0,0,0,0,0,0
-26.70425,0.1978235,5.580852|0,0,0,0.1,0,0
-26.30425,0.4370072,5.580852|0,0,-0.05,0.1,0,0
-25.70425,0.6932335,5.580852|0,0,-0.05,0.15,0,0
-21.70424,1.025457,5.580852|0,0,0,1,0,0
-18.70424,1.028886,5.580852|0,0,0.05,0.75,0,0
-18.50425,1.041362,5.580852|0,0,0,0.05,0,0
-18.50425,1.041362,5.580852|0,0,0,0,0,0
-14.70424,0.2454926,5.580852|0,0,0.25,0.95,0,0
-14.10425,0.07401875,5.580852|0,0,0.05,0.15,0,0
-14.10425,0.07401875,5.580852|0,0,0,0,0,0
-14.10425,0.07401875,5.580852|0,0,0,0,0,0
-13.90425,-0.1170339,5.580852|0,0,0.05,0.05,0,0
-13.50424,-0.301316,5.580852|0,0,0.05,0.1,0,0
-10.30425,-1.183164,5.580852|0,0,0.25,0.8,0,0
-10.10423,-1.176363,5.580852|0,0,0,0.05,0,1
76.93546,-19.50966,8.136681|0,0,0,0,0,0
76.93546,-19.50966,8.136681|0,0,0,0,0,0
76.93546,-19.50966,8.136681|0,0,0,0,0,0
76.93546,-19.50966,8.136681|0,0,0,0,0,0
77.33546,-20.04945,8.136681|0,0,-0.05,0.1,0,0
77.33546,-20.04945,8.136681|0,0,0,0,0,0
77.33546,-20.04945,8.136681|0,0,0,0,0,0
77.33546,-20.04945,8.136681|0,0,0,0,0,0
75.96848,-17.44537,8.182838|0,-0.1218029,0,0,0,0
73.284,-8.149723,8.288873|0,-0.3197669,0,0,0,0
72.62405,-7.868786,8.318174|0,-0.3913559,0,0,0,0
71.96881,-8.524175,8.348574|0,-0.4525799,0,0,0,0
70.03259,-10.04583,8.446218|0,-0.6442739,0,0,0,0
69.39736,-9.7884,8.480874|0,-0.7015289,0,0,0,0
68.14275,-10.82409,8.553275|0,-0.7933499,0,0,0,0
66.30254,-10.42715,8.669481|0,-0.968106,0,0,0,0
65.69997,-9.102779,8.710139|0,-0.897681,0,0,0,0
65.10308,-7.561018,8.751751|0,-0.8361091,0,0,0,0
67.91191,-9.08811,8.794304|0,-0.7383331,0.2,0.85,0,0
71.51453,-11.5428,8.87142|0,-0.6423211,0.15,1.2,0,0
71.49796,-9.040115,8.936825|0,-0.532929,0.1,0.3,0,0
69.69324,-5.792985,9.036474|0,-0.3197551,0,0,0,0
69.9128,-8.112684,9.107792|0,-0.2360491,-0.1,0.35,0,0
83.86989,-35.1885,8.994354|-0.1392061,-0.09684294,-0.9,3.75,0,0
102.136,-136.0122,8.896594|-0.2140621,-0.02198696,-0.7,4.6,0,0
123.613,-148.9568,8.701233|-0.302526,0,-0.6,5.3,0,0
141.1812,-150.2379,8.618159|-0.4016581,0,-0.5,4.3,0,0
179.0677,-151.269,8.313978|-0.6467521,0,-0.6,8.8,0,0
-168.6427,151.1888,8.312953|-0.730071,0,-0.05,2.9,0,0
-157.9684,151.1615,8.333214|-0.797457,0,0.05,2.5,0,0
-146.9048,152.292,8.410254|-0.904563,0,0.15,2.45,0,0
-136.3777,153.6122,8.521068|-1,0,0.3,2.35,0,0
-110.0917,146.209,8.801696|-0.7682709,0,1,6.1,0,0
-101.4704,135.1989,8.895644|-0.683674,0,0.25,2.1,0,0
-92.41967,96.57836,9.091673|-0.5922971,0,0.3,2.2,0,0
-86.79334,56.51281,9.191553|-0.513286,0,0.3,1.4,0,0
-81.22785,32.9412,9.291367|-0.4163231,0,0.45,1.4,0,0
-72.81207,17.2972,9.489017|-0.317347,0,0.6,2.15,0,0
-60.49833,8.575835,9.871754|-0.07392693,0,1.15,3.25,0,0
-60.18172,8.29188,9.958886|-0.02112406,0,0.05,0.15,0,0
-59.58172,8.565592,9.958886|0,0,0.05,0.15,0,0
-57.58172,8.339602,9.958886|0,0,0.1,0.5,0,0
-50.38172,6.631553,9.958886|0,0,0,1.8,0,0
-38.98172,4.795874,9.958886|0,0,-0.05,2.85,0,0
-14.38174,1.709949,9.958886|0,0,-0.4,6.15,0,0
-2.181757,1.524954,9.958886|0,0,0,3.05,0,0
8.218287,1.182502,9.958886|0,0,-0.1,2.6,0,0
14.01827,-0.1008706,9.958886|0,0,-0.3,1.45,0,0
15.61828,0.2525642,9.958886|0,0,-0.1,0.4,0,0
15.61828,0.2525642,9.958886|0,0,0,0,0,0
15.61828,0.2525642,9.958886|0,0,0,0,0,0
15.61828,0.2525642,9.958886|0,0,0,0,0,0
15.61828,0.2525642,9.958886|0,0,0,0,0,0
13.1747,1.417341,9.862641|0,0.108981,-0.15,-0.65,0,0
8.644906,-3.407088,9.668066|0,0.193719,-0.25,-1.2,0,0
0.5348573,-4.063944,9.569242|0,0.2950441,-0.1,-2.05,0,0
-6.441655,-2.398004,9.169381|0,0.5157241,-0.05,-1.75,0,0
-6.512557,-2.082623,9.070051|0,0.590454,0,0,0,0
-6.584992,-1.863932,8.970736|0,0.6507899,0,0,0,0
-7.734237,-0.717643,8.772158|0,0.7517011,0,-0.25,0,0
-7.914131,0.1802258,8.574088|0,0.842256,0,0,0,0
-8.007267,0.1480375,8.475088|0,0.9391471,0,0,0,0
-8.402609,-1.247881,8.079334|0,1,0,0,0,0
-8.507546,-1.319083,7.980461|0,1,0,0,0,0
-8.615137,-1.719081,7.881618|0,1,0,0,0,0
-8.838624,-2.79176,7.684018|0,1,0,0,0,0
-9.196696,-2.136525,7.387883|0,1,0,0,0,0
-9.584229,-0.2229358,7.092052|0,1,0,0,0,0
-9.584229,-0.2229358,7.092052|0,1,0,0,0,0
-9.86113,0.7335538,6.89503|0,1,0,0,0,0
-9.954278,2.250902,6.698185|0,1,0,0.05,0,0
-8.104403,3.033252,6.599772|0,1,0.1,0.5,0,0
-6.556939,2.83483,6.401956|0,1,0.05,0.45,0,0
-6.460804,2.307832,6.302685|0,1,0,0.05,0,0
-6.897821,1.155213,5.90568|0,1,0,0,0,0
-7.016407,0.4909863,5.806492|0,1,0,0,0,0
-7.266201,-0.3835945,5.608205|0,1,0,0,0,0
-7.39786,0,5.509108|0,1,0,0,0,0
-7.534369,0.8650193,5.410043|0,1,0,0,0,0
-7.822954,2.901443,5.212022|0,1,0,0,0,1
-84.44619,50.28557,6.220861|0,1,0,0,0,0
-86.28595,54.80394,6.204712|0,1,0,0,0,0
-87.20895,57.54903,6.199042|0,0.9114281,0,0,0,0
-88.85883,66.55045,6.192533|0,0.8186891,-0.05,0.05,0,0
-81.91077,29.38721,6.191782|0,0.698092,-3,2.2,0,0
-83.75207,37.07346,6.166838|0,0.6017921,0,0,0,0
-86.53729,63.09301,6.141457|0,0.420883,0,0,0,0
-87.47001,74.36156,6.136233|0,0.350158,0,0,0,0
-88.40408,80.12085,6.132636|0,0.2538821,0,0,0,0
-89.33899,80.82058,6.130668|0,0.1924391,0,0,0,0
-91.20938,79.80283,6.131624|0,0.09471101,0,0,0,0
-93.07719,85.89875,6.1391|0,0.0002800822,0,0,0,0
-93.07719,86.26884,6.1391|0,0,0,0,0,0
-93.07719,87.06884,6.1391|0,0,0.2,0,0,0
-79.4772,-27.36765,6.1391|0,0,1.2,3.4,0,0
-67.4772,-7.057524,6.1391|0,0,-0.45,3,0,0
-63.07719,-3.391017,6.1391|0,0,-0.1,1.1,0,0
-48.0772,0.5591815,6.1391|0,0,0.55,3.75,0,0
-39.8772,1.302962,6.1391|0,0,0.25,2.05,0,0
-30.6772,2.182923,6.1391|0,0,0.1,2.3,0,0
-20.07719,2.482385,6.1391|0,0,0.15,2.65,0,0
-9.87721,2.137807,6.1391|0,0,0.2,2.55,0,0
-5.277226,1.835577,6.1391|0,0,0.1,1.15,0,0
6.522816,0.2065338,6.1391|0,0,0.4,2.95,0,0
7.322818,0,6.1391|0,0,0.05,0.2,0,0
7.322818,0,6.1391|0,0,0,0,0,0
7.322818,0,6.1391|0,0,0,0,0,0
7.322818,0,6.1391|0,0,0,0,0,0
7.322818,0,6.1391|0,0,0,0,0,0
7.322818,0,6.1391|0,0,0,0,0,0
7.568827,-2.217526,5.940929|0,0.115728,0,0,0,0
5.631864,-4.402287,5.742886|0,0.2134289,0.15,-0.55,0,0
4.531553,-4.55982,5.643459|0,0.308922,0.05,-0.3,0,0
4.613333,-4.040505,5.543861|0,0.3735389,0,0,0,0
2.771917,-3.076699,5.145627|0,0.1496458,0.2,-0.55,0,0
2.826809,-2.457184,5.045848|0,0.08967894,0,0,0,0
2.684017,-1.575574,4.946079|0,0.02703881,0,-0.05,0,0
2.483962,-3.807555,4.946079|0,0,0,-0.05,0,1
-16.33447,-0.4885893,7.205726|0,0,0,-0.05,0,0
-16.33447,-0.4885893,7.205726|0,0,0,0,0,0
-16.33447,-0.4885893,7.205726|0,0,0,0,0,0
-16.33447,-0.4885893,7.205726|0,0,0,0,0,0
-16.33447,-0.4885893,7.205726|0,0,0,0,0,0
-16.33447,-0.4885893,7.205726|0,0,0,0,0,0
-16.33447,-0.4885893,7.205726|0,0,0,0,0,0
-16.33447,-0.4885893,7.205726|0,0,0,0,0,0
-16.33447,-0.4885893,7.205726|0,0,0,0,0,0
-16.33447,-0.4885893,7.205726|0,0,0,0,0,0
-16.33447,-0.4885893,7.205726|0,0,0,0,0,0
-16.33447,-0.4885893,7.205726|0,0,0,0,0,0
-15.13447,-0.8339216,7.205726|0,0,0.1,0.3,0,0
-15.1613,1.478697,7.012958|0,0.105951,0.05,0.1,0,0
-15.03028,-0.08622923,6.72402|0,0.292344,-0.1,0.2,0,0
-14.65458,-0.9402443,6.62755|0,0.344025,0,0.15,0,0
-13.67667,-1.416651,6.530912|0,0.4431149,0,0.3,0,0
-13.70452,-2.626294,6.336883|0,0.539349,0,0.1,0,0
-13.74681,-4.660856,6.142891|0,0.646836,0,0.1,0,0
-13.97215,-5.278526,6.045872|0,0.7432589,0,0,0,0
-12.55088,-3.226829,5.658832|0,0.9534629,0,0.6,0,0
-11.37494,-2.916785,5.561346|0,1,0,0.35,0,0
-10.38198,-2.595556,5.463431|0,1,-0.05,0.3,0,0
-8.774404,-0.6265134,5.267009|0,1,-0.1,0.5,0,0
-8.319587,0.7257769,5.069637|0,0.8742879,-0.05,0.2,0,1
-43.08849,-6.667357,3.571976|0,0.7947339,0,0,0,0
-47.66164,-16.34994,3.291878|0,0.5806629,0,0.05,0,0
-48.57813,-17.61443,3.225542|0,0.4999209,-0.05,0.1,0,0
-50.76125,-23.88575,3.097207|0,0.3791469,0,0.15,0,0
-53.75478,-30.00821,2.975095|0,0.2791,0,0,0,0
-55.34389,-31.13745,2.917266|0,0.195061,0,0,0,0
-55.34389,-24.06126,2.917266|0,0,0,0,0,0
-53.94389,-23.24977,2.917266|0,0,0,0.35,0,0
-50.34389,-21.38401,2.917266|0,0,0,0.9,0,0
-43.5439,-17.97937,2.917266|0,0,-0.15,1.7,0,0
-34.39847,-16.14417,2.776193|0,0.110007,-0.55,3,0,0
-29.80422,-12.4431,2.694565|0,0.1906831,-0.25,1.45,0,0
-19.00422,-7.764983,2.694565|0,0,-0.5,2.7,0,0
-15.8042,-7.021047,2.694565|0,0,-0.1,0.8,0,0
-15.00422,-6.946164,2.694565|0,0,0,0.2,0,0
-13.57349,-4.623045,2.887553|0,-0.0983609,0,0.1,0,0
-11.72161,-2.201404,2.984553|0,-0.186492,0,0.35,0,0
-9.187611,2.559332,3.180095|0,-0.278892,0,0.45,0,0
-7.996252,2.553973,3.475867|0,-0.495813,0,0.1,0,0
-5.561443,-0.3538778,3.673617|0,-0.586482,0.1,0.5,0,0
-2.274086,-1.163148,3.872354|0,-0.6858419,0.1,0.75,0,0
0.5828267,-2.692028,3.972105|0,-0.7703519,0.15,0.7,0,0
3.355088,-5.880766,4.171776|0,-0.8938499,0.2,0.7,0,0
4.329748,-3.747477,4.470871|0,-1,0,0.3,0,1
14.72529,3.340468,6.717549|0,-1,0,0,0,0
14.51145,3.911564,6.814256|0,-1,0,0,0,0
14.30148,5.117913,7.007947|0,-0.8937851,0,0.05,0,0
14.10218,6.100176,7.10484|0,-0.8096442,0,0,0,0
13.71946,7.388438,7.298876|0,-0.697999,0,0,0,0
13.18212,5.976551,7.590511|0,-0.498571,0,0,0,0
12.84632,5.076901,7.785287|0,-0.403741,0,0,0,0
12.68464,4.961358,7.882774|0,-0.3078311,0,0,0,0
12.37304,3.731034,8.077931|0,-0.220498,0,0,0,0
12.07612,2.884798,8.273319|0,-0.09610915,0,0,0,0
7.876117,4.76078,8.273319|0,0,0.15,-1.05,0,0
5.876132,4.197127,8.273319|0,0,0.15,-0.5,0,0
3.47615,3.828634,8.273319|0,0,0.1,-0.6,0,0
2.476069,3.437922,8.273319|0,0,0.1,-0.25,0,0
0.3363003,1.117851,8.07359|0,0.116484,0.15,-0.55,0,0
-1.853825,1.982483,7.873676|0,0.2053649,0.1,-0.55,0,0
-2.727424,2.677007,7.573973|0,0.4013339,0.05,-0.2,0,0
-2.763926,3.381478,7.474134|0,0.4736461,0,0,0,0
-2.801419,4.003403,7.3743|0,0.547785,0,0,0,0
-2.8795,4.017076,7.174645|0,0.644052,0,0,0,0
-2.962071,2.356508,6.975011|0,0.755361,0,0,0,0
-3.005112,1.473261,6.875201|0,0.8507701,0,0,0,0
-3.190832,-1.44442,6.476023|0,1,0,0,0,0
-3.240874,-2.522433,6.376245|0,1,0,0,0,0
-3.292534,-3.190341,6.276473|0,1,0,0,0,0
-3.400818,-2.499124,6.076953|0,1,0,0,0,1
-21.73099,-3.724626,4.930799|0,1,0,0,0,0
-22.16994,-3.374522,4.838151|0,1,0,0,0,0
-24.10732,-0.1938267,4.470725|0,0.788503,0,0,0,0
-24.64241,0.2365626,4.379761|0,0.7242399,0,0,0,0
-25.78204,-1.823919,4.199065|0,0.5967368,0,0,0,0
-26.38944,-3.75786,4.109388|0,0.5101539,0,0,0,0
-27.68726,-6.890282,3.931528|0,0.4005368,0,0,0,0
-27.68726,-6.904671,3.931528|0,0,0,0,0,0
-25.20018,-10.28243,4.289199|0,-0.212388,0,0,0,0
-24.64241,-10.56859,4.379761|0,-0.296388,0,0,0,0
-24.10732,-9.662147,4.470725|0,-0.3725969,0,0,0,0
-23.1003,-5.976026,4.653766|0,-0.4837439,0,0,0,0
-21.16993,-3.48779,4.838151|0,-0.5945399,0.05,0.25,0,0
-14.54549,-1.824026,5.024969|0,-0.4866178,0.15,1.45,0,0
-6.332552,1.65209,5.3156|0,-0.2925779,0,1.85,0,0
-6.215774,1.508828,5.414909|0,-0.2323979,0,0,0,0
-6.103131,0.7878303,5.514244|0,-0.1557117,0,0,0,0
-5.889726,-0.971967,5.712984|0,-0.07423478,0,0,0,0
-5.889726,-1.406948,5.712984|0,0,0,0,0,0
-5.889726,-1.406948,5.712984|0,0,0,0,0,0
-6.332552,-4.771919,5.3156|0,0.2501909,0,0,0,0
-6.579808,-7.112347,5.117061|0,0.3202559,0,0,0,0
-6.710778,-7.089196,5.017835|0,0.395763,0,0,0,0
-6.988927,-5.20891,4.819479|0,0.512406,0,0,0,1
-31.726,-2.909931,6.150436|0,0.599238,0,0,0,0
-32.73423,-2.45216,5.981368|0,0.6948509,0,0,0,0
-34.93031,0.7316842,5.649265|0,0.4651528,0,0,0,0
-35.52005,0.2398483,5.567677|0,0.3909298,0,0,0,0
-36.75272,-2.614641,5.406287|0,0.2776408,0,0,0,0
-37.39696,-4.192365,5.326574|0,0.1899208,0,0,0,0
-37.39696,-4.761562,5.326574|0,0,0,0,0,0
-33.1303,-6.144588,5.649265|0,-0.212493,-0.05,0.45,0,0
-23.98366,-4.074003,5.733234|0,-0.295041,-0.45,2.15,0,0
-5.195803,0.4387946,5.916382|0,-0.428889,-0.55,4.5,0,0
4.774012,-2.786075,6.115442|0,-0.3344581,-0.2,2.45,0,0
9.097295,-4.193953,6.215031|0,-0.266802,-0.1,1.1,0,0
13.61454,-5.865648,6.412462|0,-0.160974,-0.2,1.2,0,0
17.81456,-5.849887,6.412462|0,0,-0.1,1.05,0,0
17.81456,-5.849887,6.412462|0,0,0,0,0,0
17.81456,-5.849887,6.412462|0,0,0,0,0,0
18.37835,-7.601013,6.222479|0,0.1122599,0,0,0,0
18.97765,-8.712645,6.033143|0,0.1936709,0,0,0,0
19.29163,-8.344591,5.938737|0,0.302391,0,0,0,0
9.423771,-2.480413,5.469693|0,0.5496899,0.45,-2.9,0,0
3.398688,-0.6567059,5.371156|0,0.610974,0.2,-1.55,0,0
-5.936896,2.301463,5.271428|0,0.7002119,0.35,-2.35,0,0
-12.97077,-6.028216,5.07274|0,0.798933,0.25,-1.7,0,0
-13.62952,-6.236085,4.975445|0,0.900465,0.05,-0.1,0,0
-14.19492,-4.271914,4.781525|0,0.9986249,0,0,0,0
-15.47544,-1.897955,4.395321|0,1,0,0,0,0
-15.83154,-0.6688108,4.299165|0,1,0,0,0,0
-16.59388,0.854092,4.107402|0,1,0,0,0,0
-16.63092,-0.8013745,3.916463|0,1,-0.1,0.2,0,1
115.7495,-145.9092,5.113239|0,1,-0.05,0.15,0,0
118.1356,-146.2186,5.203159|0,1,-0.05,0.1,0,0
124.2821,146.0221,5.403131|0,0.7697291,-0.35,0.6,0,0
125.9499,146.1496,5.460032|0,0.6948161,-0.1,0.2,0,0
129.5499,150.6355,5.460032|0,0,-0.35,0.9,0,0
131.9306,145.9195,5.396965|0,-0.06771898,-0.25,0.8,0,0
134.9098,146.7786,5.265546|0,-0.175395,-0.3,1.15,0,0
142.7,148.0864,5.058424|0,-0.385083,-0.35,2.55,0,0
146.4814,150.1968,4.900998|0,-0.313839,0,1.3,0,0
152.024,151.9039,4.818037|0,-0.2248769,0.05,1.55,0,0
156.2551,152.8428,4.730057|0,-0.152472,0.05,1.2,0,0
165.8391,152.1496,4.547926|0,-0.03800994,0.05,2.65,0,0
-178.7609,150.5728,4.547926|0,0,0.2,3.85,0,0
-143.9609,151.3217,4.547926|0,0,0.8,8.7,0,0
-132.09,151.2898,4.62906|0,0.07482612,0.1,3.15,0,0
-124.5964,147.469,4.696595|0,0.156072,0.1,2.1,0,0
-121.959,144.9587,4.812837|0,0.2552551,0,1.15,0,0
-118.137,137.6163,4.921507|0,0.3598981,-0.15,1.45,0,0
-111.753,126.0582,5.018822|0,0.2389201,-0.15,2.1,0,0
-93.31071,82.15611,4.759165|0.211698,0.0272221,-0.4,5.05,0,0
-91.58182,79.34884,4.659455|0.2831819,0,0,0.45,0,0
-91.61655,81.85321,4.559618|0.345738,0,0,0,0,0
-90.49079,83.08916,4.359968|0.4432409,0,0,0.3,0,0
-82.71442,57.06526,4.160267|0.5419739,0,0.1,1.95,0,0
-73.33522,-25.44951,4.06125|0.647241,0,0.05,2.3,0,0
-51.34573,-10.02026,3.680517|0.8719289,0,0.25,5.05,0,0
-43.95039,-8.484663,3.603122|0.8003998,0,0.1,1.6,0,0
-24.7023,-7.647422,3.402224|0.6700079,0,0,3.9,0,0
-10.15007,-8.030867,3.361758|0.5622,0,0.1,3.25,0,0
2.644861,-8.392975,3.332417|0.4647208,0,0,2.35,0,0
31.37455,-7.185125,3.35962|0.6731876,0,-0.15,5.9,0,0
38.80327,-7.026688,3.467716|0.5825214,0,0,1.15,0,0
40.07057,-5.547118,3.531105|0.5323405,0,0,0,0,0
43.60513,-1.036088,3.730905|0.3292345,0,0,0,0,0
45.75282,-3.049088,3.871299|0.2295086,0,0,0,0,0
43.89029,-5.068326,4.091199|0.06566352,0,-0.2,-1.2,0,0
39.6903,-3.743818,4.091199|0,0,-0.05,-1.05,0,0
33.49029,-2.42382,4.091199|0,0,0,-1.55,0,0
20.89029,-1.10553,4.091199|0,0,0.1,-3.15,0,0
16.0903,-0.5066768,4.091199|0,0,-0.05,-1.2,0,0
14.94774,-0.9441901,4.283432|0,-0.1185869,0,-0.1,0,0
13.97707,-2.296695,4.573544|0,-0.3230699,0,0,0,0
13.39584,-0.6649964,4.767632|0,-0.4072169,0,0,0,0
13.12267,0.5865081,4.864855|0,-0.502656,0,0,0,0
12.86023,1.714293,4.962189|0,-0.5654549,0,0,0,0
12.3652,2.880656,5.157163|0,-0.66231,0,0,0,0
11.9063,5.010711,5.352507|0,-0.7587749,0,0,0,0
8.877723,7.177694,5.646135|0,-0.9740939,-0.15,-0.6,0,1
153.2157,-152.7882,4.824443|0,-1,-0.2,-0.65,0,0
149.0698,-150.2379,4.735489|0,-1,-0.15,-0.9,0,0
142.6357,-148.0255,4.650097|0,-1,-0.05,-1.45,0,0
135.0857,-143.3546,4.49298|0,-1,-0.05,-1.5,0,0
129.6245,-136.2873,4.353829|0,-0.894013,0.05,-0.9,0,0
114.9193,-128.4437,4.110669|0,-0.674611,0.15,-2.6,0,0
110.2403,-126.3776,4.069613|0,-0.580384,0.1,-0.85,0,0
108.1062,-125.3181,4.036162|0,-0.514702,0.05,-0.2,0,0
105.363,-125.7805,3.978653|0,-0.4197189,0,0,0,0
102.5458,-131.0553,3.93049|0,-0.3118029,0,0,0,0
102.5458,-122.0658,3.93049|0,0,0,0,0,0
101.3062,-120.9418,4.036162|0,0.222123,0.15,-1.7,0,0
98.89342,-110.2142,4.056921|0,0.283233,0.15,-0.95,0,0
90.46521,-78.24314,4.092564|0,0.1759141,0.45,-2.8,0,0
74.46619,33.50764,4.099067|0,0.08042711,0.5,-4.7,0,0
47.26618,11.24027,4.099067|0,0,0.5,-6.8,0,0
32.66618,8.594777,4.099067|0,0,0.15,-3.65,0,0
11.73505,8.487162,4.327762|0.240057,0,-0.1,-6.35,0,0
3.905201,5.470706,4.372769|0.3330061,0,-0.1,-2.6,0,0
-9.387912,4.834929,4.380707|0.428328,0,-0.05,-3.65,0,0
-24.98596,5.060899,4.352602|0.319347,0,0.15,-4.55,0,0
-34.35039,3.263028,4.272092|0.2249671,0,0,-2.95,0,0
-37.29051,5.66109,4.110541|0.05736905,0,0.15,-1.6,0,0
-37.69053,9.075887,4.110541|0,0,-0.05,-0.1,0,0
-37.89051,9.114191,4.110541|0,0,0,-0.05,0,0
-38.09051,9.152852,4.110541|0,0,0,-0.05,0,0
-36.97513,7.461483,4.049713|0.1082851,0,0,0,0,0
-34.64275,9.867011,3.932867|0.209385,0,-0.05,0,0,0
-28.24275,4.38003,3.932867|0,0,-1.1,1.6,0,0
-26.44275,3.327314,3.932867|0,0,-0.2,0.45,0,0
-23.64276,1.777732,3.932867|0,0,-0.3,0.7,0,0
-18.44276,-2.743667,3.932867|0,0,-1,1.3,0,0
-16.24275,-4.31915,3.932867|0,0,-0.35,0.55,0,0
-14.04277,-5.269758,3.932867|0,0,-0.2,0.55,0,0
-12.84276,-5.74177,3.932867|0,0,-0.1,0.3,0,1
-44.92969,-0.6039315,3.918727|0,0,-0.05,0.1,0,0
-44.92969,-0.6039315,3.918727|0,0,0,0,0,0
-44.92969,-0.6039315,3.918727|0,0,0,0,0,0
-44.92969,-0.6039315,3.918727|0,0,0,0,0,0
-44.52969,-1.932696,3.918727|0,0,-0.3,0.1,0,0
-40.92969,-8.189641,3.918727|0,0,-1.3,0.9,0,0
-38.1297,-11.69615,3.918727|0,0,-0.7,0.7,0,0
-38.1297,-11.69615,3.918727|0,0,0,0,0,0
-38.1297,-11.69615,3.918727|0,0,0,0,0,0
-38.1297,-11.69615,3.918727|0,0,0,0,0,0
-38.1297,-11.69615,3.918727|0,0,0,0,0,0
-38.1297,-11.69615,3.918727|0,0,0,0,0,0
-38.1297,-11.69615,3.918727|0,0,0,0,0,0
-38.1297,-11.69615,3.918727|0,0,0,0,0,0
-38.1297,-11.69615,3.918727|0,0,0,0,0,0
-38.1297,-11.69615,3.918727|0,0,0,0,0,0
-35.32968,-8.31574,3.918727|0,0,1,0.7,0,0
-32.72969,-3.222336,3.918727|0,0,1.4,0.65,0,0
-32.1297,11.06932,3.918727|0,0,3.6,0.15,0,0
-33.52969,28.32694,3.918727|0,0,4.25,-0.35,0,0
-26.12969,36.34348,3.918727|0,0,2.3,1.85,0,0
-19.52968,35.40797,3.918727|0,0,-0.05,1.65,0,0
-19.52968,35.40797,3.918727|0,0,0,0,0,0
-19.52968,35.40797,3.918727|0,0,0,0,0,0
-19.52968,35.40797,3.918727|0,0,0,0,0,0
-21.72968,40.62379,3.918727|0,0,1.25,-0.55,0,0
-17.12967,61.00328,3.918727|0,0,5.2,1.15,0,0
0.8702065,89.15314,3.918727|0,0,7.2,4.5,0,0
40.8703,109.2017,3.918727|0,0,16.65,10,0,0
46.47029,110.9269,3.918727|0,0,4.85,1.4,0,0
47.8703,111.4361,3.918727|0,0,1.3,0.35,0,0
49.2703,111.9815,3.918727|0,0,0.85,0.35,0,0
50.2703,112.3951,3.918727|0,0,0.45,0.25,0,0
51.0703,112.7413,3.918727|0,0,0.15,0.2,0,0
56.2703,115.1777,3.918727|0,0,-0.05,1.3,0,0
72.6703,131.4972,3.918727|0,0,0.95,4.1,0,0
76.8703,139.2443,3.918727|0,0,1.6,1.05,0,0
80.87029,-148.9641,3.918727|0,0,2.75,1,0,0
84.47029,-159.9444,3.918727|0,0,3.4,0.9,0,0
89.07029,-176.5253,3.918727|0,0,4.9,1.15,0,0
93.8703,165.5734,3.918727|0,0,5.4,1.2,0,0
98.87029,149.6076,3.918727|0,0,3.7,1.25,0,0
103.4703,138.4732,3.918727|0,0,2.45,1.15,0,0
105.0703,135.3362,3.918727|0,0,0.85,0.4,0,0
105.0703,135.3362,3.918727|0,0,0,0,0,0
105.0703,135.3362,3.918727|0,0,0,0,0,0
105.0703,135.3362,3.918727|0,0,0,0,0,0
106.8703,132.5953,3.918727|0,0,-0.1,0.45,0,0
109.0703,129.0456,3.918727|0,0,0.05,0.55,0,0
111.6703,125.4747,3.918727|0,0,0.4,0.65,0,0
114.8703,123.4364,3.918727|0,0,-0.35,0.8,0,0
118.0703,124.6189,3.918727|0,0,-1,0.8,0,0
120.2703,128.9707,3.918727|0,0,-1.5,0.55,0,0
118.6703,146.1483,3.918727|0,0,-4,-0.4,0,0
116.4703,156.1594,3.918727|0,0,-2.05,-0.55,0,0
116.0703,158.7152,3.918727|0,0,-0.55,-0.1,0,0
115.8703,159.2964,3.918727|0,0,-0.1,-0.05,0,0
115.8703,159.2964,3.918727|0,0,0,0,0,0
115.8703,159.2964,3.918727|0,0,0,0,0,0
118.0703,161.4189,3.918727|0,0,-1,0.55,0,0
