XZangleToObj,YZangleToObj,DistToObjhorizontalPan,forwardPan,xRotInput,yRotInput,sprintButtonDown,fireButtonDown
1.159778,-3.382519,16.54695|0,0,0,0,0,0
1.159778,-3.328314,16.54679|0,0,0,0,0,0
1.159778,1.234321,16.58636|0,0,0,0,0,0
1.159778,1.884814,16.60052|0,0,0,0,0,0
1.159778,1.884814,16.60052|0,0,0,0,0,0
1.159778,1.884814,16.60052|0,0,0,0,0,0
1.159778,1.884814,16.60052|0,0,0,0,0,0
1.159778,1.884814,16.60052|0,0,0,0,0,0
1.159778,1.884814,16.60052|0,0,0,0,0,0
1.159778,1.884814,16.60052|0,0,0,0,0,0
1.159778,1.884814,16.60052|0,0,0,0,0,0
0.7597608,2.084595,16.60052|0,0,-0.05,-0.1,0,0
-1.440214,4.885074,16.60052|0,0,-0.7,-0.55,0,0
-2.640194,6.48649,16.60052|0,0,-0.4,-0.3,0,0
-3.04015,6.88715,16.60052|0,0,-0.1,-0.1,0,0
-3.240149,7.2875,16.60052|0,0,-0.1,-0.05,0,0
-3.840175,8.088716,16.60052|0,0,-0.2,-0.15,0,0
-4.240208,8.889643,16.60052|0,0,-0.2,-0.1,0,0
-4.640174,9.690673,16.60052|0,0,-0.2,-0.1,0,0
-4.840193,9.891236,16.60052|0,0,-0.05,-0.05,0,0
-5.040184,10.49181,16.60052|0,0,-0.15,-0.05,0,0
-5.240189,11.29238,16.60052|0,0,-0.2,-0.05,0,0
-5.440173,11.69302,16.60052|0,0,-0.1,-0.05,0,0
-5.440173,11.89302,16.60052|0,0,-0.05,0,0,0
-5.440173,11.89302,16.60052|0,0,0,0,0,0
-5.440173,11.89302,16.60052|0,0,0,0,0,0
-5.440173,11.89302,16.60052|0,0,0,0,0,0
-5.440173,11.89302,16.60052|0,0,0,0,0,1
-41.01153,43.31544,15.14755|0,0,0,0,0,0
-41.01153,43.31544,15.14755|0,0,0,0,0,0
-41.01153,43.31544,15.14755|0,0,0,0,0,0
-41.01153,43.31544,15.14755|0,0,0,0,0,0
-41.01153,43.31544,15.14755|0,0,0,0,0,0
-41.01153,43.31544,15.14755|0,0,0,0,0,0
-41.01153,42.91544,15.14755|0,0,0.1,0,0,0
-41.21153,41.5956,15.14755|0,0,0.35,-0.05,0,0
-41.21153,41.5956,15.14755|0,0,0,0,0,0
-41.21153,41.5956,15.14755|0,0,0,0,0,0
-41.21153,41.5956,15.14755|0,0,0,0,0,0
-41.01153,40.51543,15.14755|0,0,0.25,0.05,0,0
-40.61153,39.35709,15.14755|0,0,0.25,0.1,0,0
-38.81153,35.4761,15.14755|0,0,0.8,0.45,0,0
-36.81153,33.17705,15.14755|0,0,0.4,0.5,0,0
-34.61153,30.27331,15.14755|0,0,0.55,0.55,0,0
-33.01152,28.00164,15.14755|0,0,0.45,0.4,0,0
-31.61153,25.61508,15.14755|0,0,0.5,0.35,0,0
-30.01152,23.0018,15.14755|0,0,0.55,0.4,0,0
-28.81153,20.91091,15.14755|0,0,0.45,0.3,0,0
-27.81153,19.28053,15.14755|0,0,0.35,0.25,0,0
-25.81152,14.85125,15.14755|0,0,1,0.5,0,0
-25.01153,12.89093,15.14755|0,0,0.45,0.2,0,0
-23.81152,10.86213,15.14755|0,0,0.45,0.3,0,0
-23.21152,9.752881,15.14755|0,0,0.25,0.15,0,0
-21.61152,7.677977,15.14755|0,0,0.45,0.4,0,0
-18.81152,5.251954,15.14755|0,0,0.5,0.7,0,0
-18.41153,4.996615,15.14755|0,0,0.05,0.1,0,0
-18.41153,4.796609,15.14755|0,0,0.05,0,0,0
-18.41153,4.796609,15.14755|0,0,0,0,0,0
-18.41153,4.796609,15.14755|0,0,0,0,0,0
-18.41153,4.796609,15.14755|0,0,0,0,0,0
-18.41153,4.796609,15.14755|0,0,0,0,0,0
-18.41153,4.796609,15.14755|0,0,0,0,0,0
-18.41153,4.796609,15.14755|0,0,0,0,0,0
-18.41153,4.796609,15.14755|0,0,0,0,0,0
-18.41153,4.796609,15.14755|0,0,0,0,0,1
-2.631952,-21.42157,16.36627|0,0,0,0,0,0
-2.631952,-21.22157,16.36627|0,0,-0.05,0,0,0
-2.631952,-21.22157,16.36627|0,0,0,0,0,0
-2.631952,-21.22157,16.36627|0,0,0,0,0,0
-2.631952,-21.22157,16.36627|0,0,0,0,0,0
-2.631952,-21.22157,16.36627|0,0,0,0,0,0
-3.031961,-19.62108,16.36627|0,0,-0.4,-0.1,0,0
-4.031966,-16.81959,16.36627|0,0,-0.7,-0.25,0,0
-5.431953,-13.81681,16.36627|0,0,-0.75,-0.35,0,0
-7.031962,-10.81258,16.36627|0,0,-0.75,-0.4,0,0
-8.23199,-8.208653,16.36627|0,0,-0.65,-0.3,0,0
-9.431965,-6.204124,16.36627|0,0,-0.5,-0.3,0,0
-12.03198,-1.391986,16.36627|0,0,-1.2,-0.65,0,0
-12.23198,-0.9911057,16.36627|0,0,-0.1,-0.05,0,0
-12.43199,-0.5898349,16.36627|0,0,-0.1,-0.05,0,0
-12.83198,0.4121198,16.36627|0,0,-0.25,-0.1,0,0
-12.83198,0.8122882,16.36627|0,0,-0.1,0,0,0
-13.03199,2.01334,16.36627|0,0,-0.3,-0.05,0,0
-13.03199,2.413381,16.36627|0,0,-0.1,0,0,0
-12.63198,3.811153,16.36627|0,0,-0.35,0.1,0,0
-12.43199,4.809986,16.36627|0,0,-0.25,0.05,0,0
-11.632,5.605809,16.36627|0,0,-0.2,0.2,0,0
-10.63199,6.001002,16.36627|0,0,-0.1,0.25,0,0
-10.03197,6.198307,16.36627|0,0,-0.05,0.15,0,0
-9.631985,6.396661,16.36627|0,0,-0.05,0.1,0,0
-8.631968,6.79278,16.36627|0,0,-0.1,0.25,0,0
-7.631983,7.189274,16.36627|0,0,-0.1,0.25,0,0
-7.43197,7.188619,16.36627|0,0,0,0.05,0,0
-7.43197,7.188619,16.36627|0,0,0,0,0,0
-7.43197,7.188619,16.36627|0,0,0,0,0,0
-7.43197,7.188619,16.36627|0,0,0,0,0,0
-7.43197,7.188619,16.36627|0,0,0,0,0,1
19.35703,30.34815,12.83971|0,0,0,0,0,0
19.35703,30.54815,12.83971|0,0,-0.05,0,0,0
19.35703,30.54815,12.83971|0,0,0,0,0,0
19.35703,30.54815,12.83971|0,0,0,0,0,0
19.35703,30.54815,12.83971|0,0,0,0,0,0
19.35703,30.54815,12.83971|0,0,0,0,0,0
17.55704,30.32188,12.83971|0,0,0,-0.45,0,0
14.55703,30.19935,12.83971|0,0,-0.05,-0.75,0,0
11.75703,29.15703,12.83971|0,0,0.2,-0.7,0,0
8.957014,27.76888,12.83971|0,0,0.3,-0.7,0,0
5.957003,23.82527,12.83971|0,0,0.95,-0.75,0,0
3.156969,19.14395,12.83971|0,0,1.15,-0.7,0,0
2.756976,18.53643,12.83971|0,0,0.15,-0.1,0,0
2.356923,17.72994,12.83971|0,0,0.2,-0.1,0,0
1.756914,16.7221,12.83971|0,0,0.25,-0.15,0,0
0.1545051,14.31237,12.83971|0,0,0.6,-0.4,0,0
-1.442793,12.11891,12.83971|0,0,0.55,-0.4,0,0
-1.842813,11.52306,12.83971|0,0,0.15,-0.1,0,0
-2.042773,11.32556,12.83971|0,0,0.05,-0.05,0,0
-2.242888,11.32825,12.83971|0,0,0,-0.05,0,0
-2.642788,11.13447,12.83971|0,0,0.05,-0.1,0,0
-3.042853,11.1417,12.83971|0,0,0,-0.1,0,0
-3.242867,10.94568,12.83971|0,0,0.05,-0.05,0,0
-3.642875,10.95445,12.83971|0,0,0,-0.1,0,0
-3.842877,10.75922,12.83971|0,0,0.05,-0.05,0,0
-3.842877,10.75922,12.83971|0,0,0,0,0,0
-3.842877,10.75922,12.83971|0,0,0,0,0,0
-4.04288,10.56423,12.83971|0,0,0.05,-0.05,0,0
-4.04288,10.56423,12.83971|0,0,0,0,0,1
-13.34868,-14.49097,16.34571|0,0,0,0,0,0
-13.34868,-14.49097,16.34571|0,0,0,0,0,0
-13.34868,-14.49097,16.34571|0,0,0,0,0,0
-13.34868,-14.49097,16.34571|0,0,0,0,0,0
-10.9487,-13.2758,16.34571|0,0,-0.3,0.6,0,0
-7.348682,-11.25895,16.34571|0,0,-0.5,0.9,0,0
-6.748693,-7.856803,16.34571|0,0,-0.85,0.15,0,0
-7.348682,-4.658922,16.34571|0,0,-0.8,-0.15,0,0
-7.748687,-2.660504,16.34571|0,0,-0.5,-0.1,0,0
-7.94868,-1.061278,16.34571|0,0,-0.4,-0.05,0,0
-7.94868,-0.661456,16.34571|0,0,-0.1,0,0,0
-7.94868,0.1398823,16.34571|0,0,-0.2,0,0,0
-7.94868,0.9387863,16.34571|0,0,-0.2,0,0,0
-7.94868,0.9387863,16.34571|0,0,0,0,0,0
-7.94868,0.9387863,16.34571|0,0,0,0,0,0
-7.94868,0.9387863,16.34571|0,0,0,0,0,0
-7.748687,1.339545,16.34571|0,0,-0.1,0.05,0,0
-7.548707,1.940175,16.34571|0,0,-0.15,0.05,0,0
-7.348682,2.341175,16.34571|0,0,-0.1,0.05,0,0
-7.348682,2.541065,16.34571|0,0,-0.05,0,0,0
-7.148691,2.741883,16.34571|0,0,-0.05,0.05,0,0
-6.948677,3.34246,16.34571|0,0,-0.15,0.05,0,0
-6.748693,3.743138,16.34571|0,0,-0.1,0.05,0,0
-6.748693,3.743138,16.34571|0,0,0,0,0,0
-6.748693,3.743138,16.34571|0,0,0,0,0,1
-9.085559,14.80454,18.05719|0,0,0,0,0,0
-9.085559,14.80454,18.05719|0,0,0,0,0,0
-8.885576,14.79942,18.05719|0,0,0,0.05,0,0
-9.685558,13.62054,18.05719|0,0,0.3,-0.2,0,0
-10.88555,11.05574,18.05719|0,0,0.65,-0.3,0,0
-10.88555,10.05575,18.05719|0,0,0.25,0,0,0
-7.08557,-0.8411642,18.05719|0,0,2.7,0.95,0,0
-6.885526,-1.645086,18.05719|0,0,0.2,0.05,0,0
-6.885526,-1.645086,18.05719|0,0,0,0,0,0
-6.885526,-1.645086,18.05719|0,0,0,0,0,0
-6.885526,-1.645086,18.05719|0,0,0,0,0,0
-6.68554,-1.448884,18.05719|0,0,-0.05,0.05,0,0
-6.485553,-1.052577,18.05719|0,0,-0.1,0.05,0,0
-6.285532,-0.8561515,18.05719|0,0,-0.05,0.05,0,0
-6.285532,-0.8561515,18.05719|0,0,0,0,0,0
-6.285532,-0.8561515,18.05719|0,0,0,0,0,0
-6.285532,-0.8561515,18.05719|0,0,0,0,0,0
-6.285532,-0.8561515,18.05719|0,0,0,0,0,1
-21.07444,6.064884,19.02674|0,0,0,0,0,0
-21.07444,6.064884,19.02674|0,0,0,0,0,0
-21.07444,6.064884,19.02674|0,0,0,0,0,0
-21.07444,6.064884,19.02674|0,0,0,0,0,0
-21.07444,6.064884,19.02674|0,0,0,0,0,0
-21.07444,6.064884,19.02674|0,0,0,0,0,0
-21.07444,6.064884,19.02674|0,0,0,0,0,0
-20.07444,8.764211,19.02674|0,0,-0.7,0.25,0,0
-20.07444,8.764211,19.02674|0,0,0,0,0,0
-14.27444,7.690798,19.02674|0,0,0.15,1.45,0,0
-12.07444,7.357195,19.02674|0,0,0.05,0.55,0,0
-10.67444,7.484537,19.02674|0,0,-0.05,0.35,0,0
-10.07443,7.656322,19.02674|0,0,-0.05,0.15,0,0
-10.07443,7.656322,19.02674|0,0,0,0,0,0
-10.07443,7.656322,19.02674|0,0,0,0,0,0
-10.07443,7.656322,19.02674|0,0,0,0,0,0
-10.07443,7.656322,19.02674|0,0,0,0,0,0
-10.07443,7.656322,19.02674|0,0,0,0,0,0
-10.07443,7.656322,19.02674|0,0,0,0,0,0
-10.07443,7.656322,19.02674|0,0,0,0,0,0
-10.07443,7.656322,19.02674|0,0,0,0,0,0
-10.07443,7.656322,19.02674|0,0,0,0,0,0
-10.07443,7.656322,19.02674|0,0,0,0,0,1
-21.48564,-5.533393,16.26591|0,0,0,0,0,0
-21.48564,-5.533393,16.26591|0,0,0,0,0,0
-21.48564,-5.533393,16.26591|0,0,0,0,0,0
-21.48564,-5.533393,16.26591|0,0,0,0,0,0
-21.48564,-5.533393,16.26591|0,0,0,0,0,0
-21.28564,-5.536509,16.26591|0,0,0,0.05,0,0
-18.08565,-4.181232,16.26591|0,0,-0.35,0.8,0,0
-15.48565,-3.011359,16.26591|0,0,-0.3,0.65,0,0
-14.48564,-1.621482,16.26591|0,0,-0.35,0.25,0,0
-13.68564,0.5706123,16.26591|0,0,-0.55,0.2,0,0
-12.68564,3.761923,16.26591|0,0,-0.8,0.25,0,0
-11.68564,5.753808,16.26591|0,0,-0.5,0.25,0,0
-11.48564,5.952329,16.26591|0,0,-0.05,0.05,0,0
-11.48564,6.152305,16.26591|0,0,-0.05,0,0,0
-11.28563,6.150775,16.26591|0,0,0,0.05,0,0
-10.88564,6.347828,16.26591|0,0,-0.05,0.1,0,0
-10.68565,6.546433,16.26591|0,0,-0.05,0.05,0,0
-10.68565,6.546433,16.26591|0,0,0,0,0,0
-10.68565,6.546433,16.26591|0,0,0,0,0,0
-10.68565,6.546433,16.26591|0,0,0,0,0,1
23.52488,36.52375,18.20366|0,0,0,0,0,0
23.52488,36.52375,18.20366|0,0,0,0,0,0
23.52488,36.52375,18.20366|0,0,0,0,0,0
23.52488,36.52375,18.20366|0,0,0,0,0,0
23.12488,36.24614,18.20366|0,0,0.05,-0.1,0,0
22.92487,36.20791,18.20366|0,0,0,-0.05,0,0
21.92488,35.22272,18.20366|0,0,0.2,-0.25,0,0
16.52487,30.98459,18.20366|0,0,0.85,-1.35,0,0
14.12487,29.89506,18.20366|0,0,0.2,-0.6,0,0
7.324854,26.7321,18.20366|0,0,0.65,-1.7,0,0
4.12488,25.39298,18.20366|0,0,0.3,-0.8,0,0
2.12486,24.14573,18.20366|0,0,0.3,-0.5,0,0
-0.07661668,22.12871,18.20366|0,0,0.5,-0.55,0,0
-2.275119,19.94822,18.20366|0,0,0.55,-0.55,0,0
-4.275168,17.79776,18.20366|0,0,0.55,-0.5,0,0
-6.275136,16.27777,18.20366|0,0,0.4,-0.5,0,0
-6.675118,15.69747,18.20366|0,0,0.15,-0.1,0,0
-6.875121,15.50777,18.20366|0,0,0.05,-0.05,0,0
-6.875121,15.10777,18.20366|0,0,0.1,0,0,0
-7.475119,12.94058,18.20366|0,0,0.55,-0.15,0,0
-8.075112,9.376181,18.20366|0,0,0.9,-0.15,0,0
-8.27512,8.988654,18.20366|0,0,0.1,-0.05,0,0
-8.27512,8.188658,18.20366|0,0,0.2,0,0,0
-8.475143,7.201461,18.20366|0,0,0.25,-0.05,0,0
-8.875134,5.627965,18.20366|0,0,0.4,-0.1,0,0
-8.875134,4.427972,18.20366|0,0,0.3,0,0,0
-8.875134,4.427972,18.20366|0,0,0,0,0,0
-8.875134,4.427972,18.20366|0,0,0,0,0,0
-8.875134,4.427972,18.20366|0,0,0,0,0,1
-31.48822,-14.33231,11.10615|0,0,0,0,0,0
-31.48822,-14.33231,11.10615|0,0,0,0,0,0
-31.48822,-14.33231,11.10615|0,0,0,0,0,0
-30.48822,-11.24877,11.10615|0,0,-0.8,0.25,0,0
-29.28822,-6.381132,11.10615|0,0,-1.25,0.3,0,0
-28.68822,-3.64438,11.10615|0,0,-0.7,0.15,0,0
-27.88822,-2.125872,11.10615|0,0,-0.4,0.2,0,0
-25.68822,-0.3333784,11.10615|0,0,-0.5,0.55,0,0
-18.88821,5.561408,11.10615|0,0,-1.6,1.7,0,0
-17.08822,7.058442,11.10615|0,0,-0.4,0.45,0,0
-15.08821,8.357852,11.10615|0,0,-0.35,0.5,0,0
-13.08821,9.271079,11.10615|0,0,-0.25,0.5,0,0
-11.28821,10.00433,11.10615|0,0,-0.2,0.45,0,0
-10.88821,10.19092,11.10615|0,0,-0.05,0.1,0,0
-10.48822,10.17804,11.10615|0,0,0,0.1,0,0
-10.0882,10.36565,11.10615|0,0,-0.05,0.1,0,0
-9.888213,10.35965,11.10615|0,0,0,0.05,0,0
-9.888213,10.35965,11.10615|0,0,0,0,0,0
-9.488211,10.54803,11.10615|0,0,-0.05,0.1,0,1
-1.918977,3.201551,10.42065|0,0,0,0,0,0
-1.918977,3.401509,10.42065|0,0,-0.05,0,0,0
-1.918977,3.601522,10.42065|0,0,-0.05,0,0,0
-3.51903,3.004852,10.42065|0,0,0.15,-0.4,0,0
-4.718997,2.608795,10.42065|0,0,0.1,-0.3,0,0
-5.919007,2.213993,10.42065|0,0,0.1,-0.3,0,0
-6.119011,2.214965,10.42065|0,0,0,-0.05,0,0
-6.119011,2.214965,10.42065|0,0,0,0,0,0
-7.519013,2.622565,10.42065|0,0,-0.1,-0.35,0,0
-9.91905,3.039377,10.42065|0,0,-0.1,-0.6,0,0
-9.91905,3.039377,10.42065|0,0,0,0,0,0
-9.91905,3.039377,10.42065|0,0,0,0,0,0
-9.91905,3.039377,10.42065|0,0,0,0,0,0
-9.91905,3.039377,10.42065|0,0,0,0,0,0
-9.91905,3.239424,10.42065|0,0,-0.05,0,0,1
-26.62149,6.077477,11.38719|0,0,0,0,0,0
-26.62149,6.077477,11.38719|0,0,0,0,0,0
-26.62149,6.27751,11.38719|0,0,-0.05,0,0,0
-26.62149,6.27751,11.38719|0,0,0,0,0,0
-26.62149,7.277505,11.38719|0,0,-0.25,0,0,0
-26.62149,9.07751,11.38719|0,0,-0.45,0,0,0
-26.42149,9.667984,11.38719|0,0,-0.15,0.05,0,0
-26.22149,9.658646,11.38719|0,0,0,0.05,0,0
-25.22149,9.813216,11.38719|0,0,-0.05,0.25,0,0
-20.62148,9.833434,11.38719|0,0,-0.05,1.15,0,0
-20.22149,9.819927,11.38719|0,0,0,0.1,0,0
-19.42148,9.793881,11.38719|0,0,0,0.2,0,0
-18.22149,9.957083,11.38719|0,0,-0.05,0.3,0,0
-17.42149,9.934146,11.38719|0,0,0,0.2,0,0
-16.62148,9.912346,11.38719|0,0,0,0.2,0,0
-15.82148,9.891712,11.38719|0,0,0,0.2,0,0
-15.82148,9.891712,11.38719|0,0,0,0,0,0
-15.62148,9.886722,11.38719|0,0,0,0.05,0,0
-15.22148,9.87703,11.38719|0,0,0,0.1,0,0
-13.62147,9.64088,11.38719|0,0,0.05,0.4,0,0
-12.62148,9.620528,11.38719|0,0,0,0.25,0,0
-11.42148,9.998297,11.38719|0,0,-0.1,0.3,0,1
13.15483,1.749324,17.11094|0,0,-0.05,0.1,0,0
13.35483,1.746413,17.11094|0,0,0,0.05,0,0
13.35483,1.746413,17.11094|0,0,0,0,0,0
13.15483,1.749324,17.11094|0,0,0,-0.05,0,0
11.35482,0.772531,17.11094|0,0,0.25,-0.45,0,0
8.954821,-0.2017412,17.11094|0,0,0.25,-0.6,0,0
7.154835,-0.7868362,17.11094|0,0,0.15,-0.45,0,0
3.954829,-0.7682129,17.11094|0,0,0,-0.8,0,0
2.954792,-0.5647526,17.11094|0,0,-0.05,-0.25,0,0
2.754774,-0.364769,17.11094|0,0,-0.05,-0.05,0,0
2.354763,-0.1631294,17.11094|0,0,-0.05,-0.1,0,0
0.7545922,0.8393012,17.11094|0,0,-0.25,-0.4,0,0
-1.044927,2.039033,17.11094|0,0,-0.3,-0.45,0,0
-1.444962,2.438473,17.11094|0,0,-0.1,-0.1,0,0
-1.645086,2.438313,17.11094|0,0,0,-0.05,0,0
-1.645086,2.638266,17.11094|0,0,-0.05,0,0,0
-2.8451,3.435415,17.11094|0,0,-0.2,-0.3,0,0
-3.44509,3.633565,17.11094|0,0,-0.05,-0.15,0,0
-3.44509,3.633565,17.11094|0,0,0,0,0,0
-3.44509,3.633565,17.11094|0,0,0,0,0,0
-3.845118,4.032063,17.11094|0,0,-0.1,-0.1,0,0
-4.445102,4.42952,17.11094|0,0,-0.1,-0.15,0,0
-4.645111,4.628509,17.11094|0,0,-0.05,-0.05,0,0
-4.645111,4.828523,17.11094|0,0,-0.05,0,0,0
-5.245122,5.025507,17.11094|0,0,-0.05,-0.15,0,0
-5.445106,5.224385,17.11094|0,0,-0.05,-0.05,0,0
-5.445106,5.224385,17.11094|0,0,0,0,0,1
-30.73485,22.99342,16.98994|0,0,0,0,0,0
-30.73485,22.99342,16.98994|0,0,0,0,0,0
-30.73485,22.99342,16.98994|0,0,0,0,0,0
-30.73485,21.79342,16.98994|0,0,0.3,0,0,0
-29.93484,19.48109,16.98994|0,0,0.55,0.2,0,0
-21.13484,8.505699,16.98994|0,0,2.5,2.2,0,0
-20.73485,7.87148,16.98994|0,0,0.15,0.1,0,0
-20.73485,7.87148,16.98994|0,0,0,0,0,0
-20.73485,7.87148,16.98994|0,0,0,0,0,0
-20.53484,7.654656,16.98994|0,0,0.05,0.05,0,0
-17.33485,7.011681,16.98994|0,0,0.1,0.8,0,0
-15.33484,6.483678,16.98994|0,0,0.1,0.5,0,0
-11.93484,6.10554,16.98994|0,0,0.05,0.85,0,0
-10.93484,5.862172,16.98994|0,0,0.05,0.25,0,0
-10.33485,5.838148,16.98994|0,0,0,0.15,0,0
-10.13485,5.830388,16.98994|0,0,0,0.05,0,0
-9.934838,5.822886,16.98994|0,0,0,0.05,0,0
-9.934838,5.822886,16.98994|0,0,0,0,0,1
-5.540295,8.582405,16.03962|0,0,0,0,0,0
-5.540295,8.582405,16.03962|0,0,0,0,0,0
-6.340288,10.80369,16.03962|0,0,-0.55,-0.2,0,0
-8.940329,13.89326,16.03962|0,0,-0.75,-0.65,0,0
-10.14032,14.94525,16.03962|0,0,-0.25,-0.3,0,0
-10.14032,14.94525,16.03962|0,0,0,0,0,0
-10.14032,14.94525,16.03962|0,0,0,0,0,0
-10.14032,14.94525,16.03962|0,0,0,0,0,0
-10.14032,14.94525,16.03962|0,0,0,0,0,0
-10.14032,14.94525,16.03962|0,0,0,0,0,0
-10.14032,14.94525,16.03962|0,0,0,0,0,0
-10.14032,14.94525,16.03962|0,0,0,0,0,0
-10.14032,14.94525,16.03962|0,0,0,0,0,1
19.38165,25.88083,13.79206|0,0,0,0,0,0
19.38165,25.88083,13.79206|0,0,0,0,0,0
19.38165,25.88083,13.79206|0,0,0,0,0,0
19.38165,25.88083,13.79206|0,0,0,0,0,0
19.38165,24.68083,13.79206|0,0,0.3,0,0,0
18.98166,21.42534,13.79206|0,0,0.8,-0.1,0,0
18.78166,20.39809,13.79206|0,0,0.25,-0.05,0,0
18.78166,20.19809,13.79206|0,0,0.05,0,0,0
18.58167,19.37116,13.79206|0,0,0.2,-0.05,0,0
16.98167,16.9675,13.79206|0,0,0.55,-0.4,0,0
10.18165,10.5222,13.79206|0,0,1.45,-1.7,0,0
6.381654,7.907704,13.79206|0,0,0.6,-0.95,0,0
3.581679,6.413528,13.79206|0,0,0.35,-0.7,0,0
1.981693,5.583564,13.79206|0,0,0.2,-0.4,0,0
1.181674,5.375016,13.79206|0,0,0.05,-0.2,0,0
-0.01978234,4.770358,13.79206|0,0,0.15,-0.3,0,0
-1.018372,4.373809,13.79206|0,0,0.1,-0.25,0,0
-1.418445,4.177155,13.79206|0,0,0.05,-0.1,0,0
-1.818331,4.181466,13.79206|0,0,0,-0.1,0,0
-1.818331,4.181466,13.79206|0,0,0,0,0,0
-1.818331,4.181466,13.79206|0,0,0,0,0,0
-1.818331,4.181466,13.79206|0,0,0,0,0,0
-1.818331,4.181466,13.79206|0,0,0,0,0,0
-1.818331,4.181466,13.79206|0,0,0,0,0,1
-10.25787,2.901105,20.98259|0,0,0,0,0,0
-10.25787,2.901105,20.98259|0,0,0,0,0,0
-10.25787,2.901105,20.98259|0,0,0,0,0,0
-10.25787,2.901105,20.98259|0,0,0,0,0,0
-10.25787,2.901105,20.98259|0,0,0,0,0,0
-9.8579,4.074821,20.98259|0,0,-0.3,0.1,0,0
-8.257899,6.180569,20.98259|0,0,-0.55,0.4,0,0
-7.257879,7.130363,20.98259|0,0,-0.25,0.25,0,0
-6.45789,7.494938,20.98259|0,0,-0.1,0.2,0,0
-5.657869,7.863721,20.98259|0,0,-0.1,0.2,0,0
-4.857889,8.236664,20.98259|0,0,-0.1,0.2,0,0
-4.457906,8.424712,20.98259|0,0,-0.05,0.1,0,0
-3.85793,8.608706,20.98259|0,0,-0.05,0.15,0,0
-3.85793,8.608706,20.98259|0,0,0,0,0,0
-3.85793,8.608706,20.98259|0,0,0,0,0,0
-3.85793,8.608706,20.98259|0,0,0,0,0,0
-3.85793,8.608706,20.98259|0,0,0,0,0,0
-3.85793,8.608706,20.98259|0,0,0,0,0,1
4.874475,-12.87035,18.207|0,0,0,0,0,0
5.07447,-12.86969,18.207|0,0,0,0.05,0,0
5.07447,-12.86969,18.207|0,0,0,0,0,0
5.07447,-12.86969,18.207|0,0,0,0,0,0
5.07447,-12.86969,18.207|0,0,0,0,0,0
5.07447,-12.86969,18.207|0,0,0,0,0,0
5.07447,-12.86969,18.207|0,0,0,0,0,0
5.07447,-12.86969,18.207|0,0,0,0,0,0
5.07447,-12.86969,18.207|0,0,0,0,0,0
4.27448,-11.07213,18.207|0,0,-0.45,-0.2,0,0
3.47446,-8.274148,18.207|0,0,-0.7,-0.2,0,0
2.674447,-5.475718,18.207|0,0,-0.7,-0.2,0,0
2.274516,-4.476322,18.207|0,0,-0.25,-0.1,0,0
1.674445,-3.277097,18.207|0,0,-0.3,-0.15,0,0
1.074472,-1.87774,18.207|0,0,-0.35,-0.15,0,0
0.07401875,0.1219466,18.207|0,0,-0.5,-0.25,0,0
-0.1251145,0.9217481,18.207|0,0,-0.2,-0.05,0,0
-0.5256317,1.521871,18.207|0,0,-0.15,-0.1,0,0
-0.5256317,1.721924,18.207|0,0,-0.05,0,0,0
-0.7255072,2.122094,18.207|0,0,-0.1,-0.05,0,0
-0.9255615,2.122094,18.207|0,0,0,-0.05,0,0
-0.9255615,2.32212,18.207|0,0,-0.05,0,0,0
-1.125527,2.722467,18.207|0,0,-0.1,-0.05,0,0
-1.125527,2.722467,18.207|0,0,0,0,0,0
-1.125527,2.722467,18.207|0,0,0,0,0,0
-1.125527,2.722467,18.207|0,0,0,0,0,0
-1.725557,3.122865,18.207|0,0,-0.1,-0.15,0,0
-2.525535,3.723995,18.207|0,0,-0.15,-0.2,0,0
-3.325489,4.325539,18.207|0,0,-0.15,-0.2,0,0
-3.725519,4.52645,18.207|0,0,-0.05,-0.1,0,0
-3.725519,4.726422,18.207|0,0,-0.05,0,0,0
-3.725519,4.726422,18.207|0,0,0,0,0,0
-3.725519,4.726422,18.207|0,0,0,0,0,0
-3.925556,4.726961,18.207|0,0,0,-0.05,0,0
-4.325584,4.927997,18.207|0,0,-0.05,-0.1,0,0
-4.325584,4.927997,18.207|0,0,0,0,0,0
-4.725552,5.129157,18.207|0,0,-0.05,-0.1,0,0
-4.725552,5.329177,18.207|0,0,-0.05,0,0,0
-4.925532,5.329839,18.207|0,0,0,-0.05,0,0
-4.925532,5.329839,18.207|0,0,0,0,0,0
-4.925532,5.329839,18.207|0,0,0,0,0,1
-13.89965,15.62715,16.18381|0,0,0,0,0,0
-13.89965,15.62715,16.18381|0,0,0,0,0,0
-13.89965,15.62715,16.18381|0,0,0,0,0,0
-14.09967,15.63764,16.18381|0,0,0,-0.05,0,0
-15.09966,14.69252,16.18381|0,0,0.25,-0.25,0,0
-15.09966,11.29252,16.18381|0,0,0.85,0,0,0
-14.69965,9.07006,16.18381|0,0,0.55,0.1,0,0
-14.49966,8.259065,16.18381|0,0,0.2,0.05,0,0
-14.49966,7.859076,16.18381|0,0,0.1,0,0,0
-14.09967,7.437644,16.18381|0,0,0.1,0.1,0,0
-13.29966,6.396661,16.18381|0,0,0.25,0.2,0,0
-13.29966,6.396661,16.18381|0,0,0,0,0,0
-12.09965,5.940065,16.18381|0,0,0.1,0.3,0,0
-10.89965,5.889226,16.18381|0,0,0,0.3,0,0
-10.69967,5.881267,16.18381|0,0,0,0.05,0,0
-10.29965,5.865882,16.18381|0,0,0,0.1,0,0
-10.29965,5.865882,16.18381|0,0,0,0,0,0
-10.29965,5.865882,16.18381|0,0,0,0,0,0
-10.29965,5.865882,16.18381|0,0,0,0,0,0
-10.29965,5.865882,16.18381|0,0,0,0,0,1
-2.505616,16.77316,17.19855|0,0,0,0,0,0
-2.505616,16.77316,17.19855|0,0,0,0,0,0
-2.305626,16.7701,17.19855|0,0,0,0.05,0,0
-2.305626,16.7701,17.19855|0,0,0,0,0,0
-2.305626,16.7701,17.19855|0,0,0,0,0,0
-2.305626,16.7701,17.19855|0,0,0,0,0,0
-2.305626,16.7701,17.19855|0,0,0,0,0,0
-2.305626,16.7701,17.19855|0,0,0,0,0,0
-2.905623,14.78001,17.19855|0,0,0.5,-0.15,0,0
-3.505596,13.19215,17.19855|0,0,0.4,-0.15,0,0
-4.105607,11.40662,17.19855|0,0,0.45,-0.15,0,0
-5.305593,9.842408,17.19855|0,0,0.4,-0.3,0,0
-6.105637,8.271394,17.19855|0,0,0.4,-0.2,0,0
-6.705633,6.895859,17.19855|0,0,0.35,-0.15,0,0
-6.905608,6.304531,17.19855|0,0,0.15,-0.05,0,0
-6.905608,6.304531,17.19855|0,0,0,0,0,0
-7.105614,6.313419,17.19855|0,0,0,-0.05,0,0
-7.305597,5.922616,17.19855|0,0,0.1,-0.05,0,0
-7.505613,5.732136,17.19855|0,0,0.05,-0.05,0,0
-7.70561,5.341774,17.19855|0,0,0.1,-0.05,0,0
-7.70561,5.341774,17.19855|0,0,0,0,0,0
-7.70561,5.341774,17.19855|0,0,0,0,0,0
-7.70561,5.341774,17.19855|0,0,0,0,0,1
-26.13697,-18.92613,11.46773|0,0,0,0,0,0
-26.13697,-18.92613,11.46773|0,0,0,0,0,0
-26.13697,-18.92613,11.46773|0,0,0,0,0,0
-26.13697,-18.92613,11.46773|0,0,0,0,0,0
-26.13697,-18.92613,11.46773|0,0,0,0,0,0
-26.13697,-18.92613,11.46773|0,0,0,0,0,0
-25.13698,-18.11841,11.46773|0,0,-0.2,0.25,0,0
-22.53697,-16.70018,11.46773|0,0,-0.35,0.65,0,0
-21.13697,-15.69141,11.46773|0,0,-0.25,0.35,0,0
-19.93697,-14.28445,11.46773|0,0,-0.35,0.3,0,0
-19.33697,-13.28114,11.46773|0,0,-0.25,0.15,0,0
-18.73697,-12.27796,11.46773|0,0,-0.25,0.15,0,0
-17.93697,-11.67391,11.46773|0,0,-0.15,0.2,0,0
-16.73697,-10.26818,11.46773|0,0,-0.35,0.3,0,0
-15.73698,-9.263804,11.46773|0,0,-0.25,0.25,0,0
-15.33697,-8.86213,11.46773|0,0,-0.1,0.1,0,0
-14.93697,-8.260514,11.46773|0,0,-0.15,0.1,0,0
-14.53697,-7.858927,11.46773|0,0,-0.1,0.1,0,0
-14.13698,-7.257419,11.46773|0,0,-0.15,0.1,0,0
-13.73697,-7.05594,11.46773|0,0,-0.05,0.1,0,0
-13.33698,-6.454519,11.46773|0,0,-0.15,0.1,0,0
-12.53696,-5.651769,11.46773|0,0,-0.2,0.2,0,0
-11.33698,-4.64802,11.46773|0,0,-0.25,0.3,0,0
-10.33697,-3.645132,11.46773|0,0,-0.25,0.25,0,0
-9.336963,-2.842553,11.46773|0,0,-0.2,0.25,0,0
-7.336978,-1.438311,11.46773|0,0,-0.35,0.5,0,0
-5.936962,-0.03426402,11.46773|0,0,-0.35,0.35,0,0
-5.136943,0.7654059,11.46773|0,0,-0.2,0.2,0,0
-4.536953,1.165836,11.46773|0,0,-0.1,0.15,0,0
-4.136969,1.366447,11.46773|0,0,-0.05,0.1,0,0
-3.73696,1.76669,11.46773|0,0,-0.1,0.1,0,0
-2.936917,2.367363,11.46773|0,0,-0.15,0.2,0,0
-2.936917,2.567426,11.46773|0,0,-0.05,0,0,0
-2.736953,2.567655,11.46773|0,0,0,0.05,0,0
-2.736953,2.567655,11.46773|0,0,0,0,0,0
-2.736953,2.567655,11.46773|0,0,0,0,0,0
-2.736953,2.767606,11.46773|0,0,-0.05,0,0,0
-2.536979,3.167741,11.46773|0,0,-0.1,0.05,0,0
-2.536979,3.167741,11.46773|0,0,0,0,0,1
12.94362,9.455089,15.25344|0,0,0,0,0,0
12.94362,9.455089,15.25344|0,0,0,0,0,0
12.94362,9.455089,15.25344|0,0,0,0,0,0
12.94362,9.455089,15.25344|0,0,0,0,0,0
12.54362,9.246541,15.25344|0,0,0.05,-0.1,0,0
12.34362,9.042376,15.25344|0,0,0.05,-0.05,0,0
11.34361,8.822584,15.25344|0,0,0.05,-0.25,0,0
5.943595,6.345851,15.25344|0,0,0.6,-1.35,0,0
5.743614,6.143982,15.25344|0,0,0.05,-0.05,0,0
5.143576,5.938712,15.25344|0,0,0.05,-0.15,0,0
4.143591,5.731179,15.25344|0,0,0.05,-0.25,0,0
3.343632,5.526305,15.25344|0,0,0.05,-0.2,0,0
2.543606,5.322481,15.25344|0,0,0.05,-0.2,0,0
1.143637,4.918287,15.25344|0,0,0.1,-0.35,0,0
0.3432113,4.917411,15.25344|0,0,0,-0.2,0,0
-1.256321,5.318577,15.25344|0,0,-0.1,-0.4,0,0
-1.656349,5.319571,15.25344|0,0,0,-0.1,0,0
-2.256287,5.521374,15.25344|0,0,-0.05,-0.15,0,0
-3.056334,5.724814,15.25344|0,0,-0.05,-0.2,0,0
-3.456324,5.726902,15.25344|0,0,0,-0.1,0,0
-3.856356,5.929264,15.25344|0,0,-0.05,-0.1,0,0
-4.856356,5.936302,15.25344|0,0,0,-0.25,0,0
-4.856356,6.136319,15.25344|0,0,-0.05,0,0,0
-5.056368,6.137949,15.25344|0,0,0,-0.05,0,0
-5.456358,6.141365,15.25344|0,0,0,-0.1,0,0
-5.456358,6.141365,15.25344|0,0,0,0,0,0
-5.456358,6.141365,15.25344|0,0,0,0,0,0
-5.456358,6.141365,15.25344|0,0,0,0,0,0
-5.456358,6.141365,15.25344|0,0,0,0,0,1
-12.26178,22.47196,15.83533|0,0,0,0,0,0
-12.26178,22.47196,15.83533|0,0,0,0,0,0
-12.26178,22.47196,15.83533|0,0,0,0,0,0
-12.26178,22.47196,15.83533|0,0,0,0,0,0
-12.26178,22.47196,15.83533|0,0,0,0,0,0
-12.26178,22.47196,15.83533|0,0,0,0,0,0
-12.26178,22.47196,15.83533|0,0,0,0,0,0
-12.26178,22.47196,15.83533|0,0,0,0,0,0
-12.26178,19.87196,15.83533|0,0,0.65,0,0,0
-11.86179,18.64264,15.83533|0,0,0.3,0.1,0,0
-11.06178,14.98709,15.83533|0,0,0.9,0.2,0,0
-10.86178,14.17385,15.83533|0,0,0.2,0.05,0,0
-10.66179,13.16084,15.83533|0,0,0.25,0.05,0,0
-10.06179,11.52338,15.83533|0,0,0.4,0.15,0,0
-10.06179,11.32338,15.83533|0,0,0.05,0,0,0
-9.66178,10.89965,15.83533|0,0,0.1,0.1,0,0
-9.061781,10.06595,15.83533|0,0,0.2,0.15,0,0
-7.861773,8.8052,15.83533|0,0,0.3,0.3,0,0
-6.661796,7.753296,15.83533|0,0,0.25,0.3,0,0
-5.661782,7.316733,15.83533|0,0,0.1,0.25,0,0
-5.461814,7.310107,15.83533|0,0,0,0.05,0,0
-5.261794,7.303771,15.83533|0,0,0,0.05,0,0
-5.261794,7.103792,15.83533|0,0,0.05,0,0,0
-5.261794,7.103792,15.83533|0,0,0,0,0,0
-5.261794,7.103792,15.83533|0,0,0,0,0,0
-5.261794,7.103792,15.83533|0,0,0,0,0,1
2.206998,-5.041739,12.46245|0,0,0,0,0,0
2.206998,-5.041739,12.46245|0,0,0,0,0,0
2.206998,-5.041739,12.46245|0,0,0,0,0,0
2.206998,-5.041739,12.46245|0,0,0,0,0,0
2.206998,-5.041739,12.46245|0,0,0,0,0,0
2.206998,-3.641693,12.46245|0,0,-0.35,0,0,0
2.007109,-1.24301,12.46245|0,0,-0.6,-0.05,0,0
1.607056,1.155044,12.46245|0,0,-0.6,-0.1,0,0
1.407087,3.15424,12.46245|0,0,-0.5,-0.05,0,0
0.2074791,7.551591,12.46245|0,0,-1.1,-0.3,0,0
0.2074791,7.951619,12.46245|0,0,-0.1,0,0,0
0.2074791,7.951619,12.46245|0,0,0,0,0,0
-0.1938267,8.551618,12.46245|0,0,-0.15,-0.1,0,0
-0.393167,8.951771,12.46245|0,0,-0.1,-0.05,0,0
-0.7932757,9.752438,12.46245|0,0,-0.2,-0.1,0,0
-1.19321,10.5535,12.46245|0,0,-0.2,-0.1,0,0
-1.593113,11.55503,12.46245|0,0,-0.25,-0.1,0,0
-1.793078,11.75596,12.46245|0,0,-0.05,-0.05,0,0
-3.193102,12.76555,12.46245|0,0,-0.25,-0.35,0,0
-3.593086,12.96927,12.46245|0,0,-0.05,-0.1,0,0
-3.593086,12.96927,12.46245|0,0,0,0,0,0
-3.593086,12.96927,12.46245|0,0,0,0,0,0
-3.593086,12.96927,12.46245|0,0,0,0,0,0
-3.593086,12.96927,12.46245|0,0,0,0,0,0
-3.593086,12.96927,12.46245|0,0,0,0,0,0
-3.593086,12.96927,12.46245|0,0,0,0,0,1
-9.618627,28.63884,20.89429|0,0,0,0,0,0
-9.618627,28.63884,20.89429|0,0,0,0,0,0
-9.618627,28.63884,20.89429|0,0,0,0,0,0
-9.618627,28.63884,20.89429|0,0,0,0,0,0
-10.01863,27.86523,20.89429|0,0,0.2,-0.1,0,0
-10.41862,26.69275,20.89429|0,0,0.3,-0.1,0,0
-10.61864,23.90694,20.89429|0,0,0.7,-0.05,0,0
-9.018639,17.00131,20.89429|0,0,1.7,0.4,0,0
-8.818621,16.58937,20.89429|0,0,0.1,0.05,0,0
-8.618625,15.97771,20.89429|0,0,0.15,0.05,0,0
-8.418626,15.36631,20.89429|0,0,0.15,0.05,0,0
-8.218622,15.1552,20.89429|0,0,0.05,0.05,0,0
-7.818613,14.13376,20.89429|0,0,0.25,0.1,0,0
-7.218631,12.10367,20.89429|0,0,0.5,0.15,0,0
-6.618618,9.876055,20.89429|0,0,0.55,0.15,0,0
-6.618618,9.676034,20.89429|0,0,0.05,0,0,0
-6.618618,9.676034,20.89429|0,0,0,0,0,0
-6.418602,9.467387,20.89429|0,0,0.05,0.05,0,0
-6.418602,9.067395,20.89429|0,0,0.1,0,0,0
-6.418602,8.467401,20.89429|0,0,0.15,0,0,0
-6.218612,8.259017,20.89429|0,0,0.05,0.05,0,0
-6.218612,8.259017,20.89429|0,0,0,0,0,0
-6.218612,8.259017,20.89429|0,0,0,0,0,0
-6.218612,8.259017,20.89429|0,0,0,0,0,1
-0.9657058,-1.852135,18.71393|0,0,0,0,0,0
-0.9657058,-1.852135,18.71393|0,0,0,0,0,0
-0.9657058,-1.652208,18.71393|0,0,-0.05,0,0,0
-0.9657058,-1.652208,18.71393|0,0,0,0,0,0
-1.165668,-0.4511079,18.71393|0,0,-0.3,-0.05,0,0
-1.165668,0.5489398,18.71393|0,0,-0.25,0,0,0
-1.365587,1.949834,18.71393|0,0,-0.35,-0.05,0,0
-2.365626,6.157752,18.71393|0,0,-1.05,-0.25,0,0
-3.165639,9.567128,18.71393|0,0,-0.85,-0.2,0,0
-3.565625,10.37287,18.71393|0,0,-0.2,-0.1,0,0
-3.565625,10.57287,18.71393|0,0,-0.05,0,0,0
-3.565625,10.77287,18.71393|0,0,-0.05,0,0,0
-3.765668,11.17598,18.71393|0,0,-0.1,-0.05,0,0
-4.365652,12.38639,18.71393|0,0,-0.3,-0.15,0,0
-4.565616,12.79018,18.71393|0,0,-0.1,-0.05,0,0
-4.565616,12.79018,18.71393|0,0,0,0,0,0
-4.965621,12.39834,18.71393|0,0,0.1,-0.1,0,0
-5.76565,11.41665,18.71393|0,0,0.25,-0.2,0,0
-6.365657,10.23226,18.71393|0,0,0.3,-0.15,0,0
-6.365657,10.03225,18.71393|0,0,0.05,0,0,0
-6.365657,10.03225,18.71393|0,0,0,0,0,1
-17.38909,25.08189,18.28121|0,0,0,0,0,0
-17.38909,25.08189,18.28121|0,0,0,0,0,0
-17.38909,25.08189,18.28121|0,0,0,0,0,0
-17.38909,25.08189,18.28121|0,0,0,0,0,0
-17.38909,25.08189,18.28121|0,0,0,0,0,0
-17.38909,25.08189,18.28121|0,0,0,0,0,0
-17.38909,24.68188,18.28121|0,0,0.1,0,0,0
-15.98908,20.30166,18.28121|0,0,1.05,0.35,0,0
-14.98909,17.78303,18.28121|0,0,0.6,0.25,0,0
-14.58909,16.93789,18.28121|0,0,0.2,0.1,0,0
-14.18908,16.09406,18.28121|0,0,0.2,0.1,0,0
-13.18909,14.19025,18.28121|0,0,0.45,0.25,0,0
-12.78909,13.35096,18.28121|0,0,0.2,0.1,0,0
-12.18908,12.29449,18.28121|0,0,0.25,0.15,0,0
-11.78908,11.25841,18.28121|0,0,0.25,0.1,0,0
-11.78908,11.25841,18.28121|0,0,0,0,0,0
-11.58908,10.64083,18.28121|0,0,0.15,0.05,0,0
-11.38908,10.22358,18.28121|0,0,0.1,0.05,0,0
-11.38908,10.22358,18.28121|0,0,0,0,0,0
-11.38908,10.02358,18.28121|0,0,0.05,0,0,0
-10.98908,9.190026,18.28121|0,0,0.2,0.1,0,0
-10.98908,9.190026,18.28121|0,0,0,0,0,0
-10.98908,9.190026,18.28121|0,0,0,0,0,1
-5.169528,-11.40864,20.18313|0,0,0,0,0,0
-5.169528,-11.40864,20.18313|0,0,0,0,0,0
-5.169528,-10.40862,20.18313|0,0,-0.25,0,0,0
-5.569542,-9.603184,20.18313|0,0,-0.2,-0.1,0,0
-5.769524,-8.600351,20.18313|0,0,-0.25,-0.05,0,0
-5.969527,-7.997357,20.18313|0,0,-0.15,-0.05,0,0
-6.169552,-7.594297,20.18313|0,0,-0.1,-0.05,0,0
-6.969563,-1.981002,20.18313|0,0,-1.4,-0.2,0,0
-7.169545,1.622568,20.18313|0,0,-0.9,-0.05,0,0
-7.369532,2.826324,20.18313|0,0,-0.3,-0.05,0,0
-7.569527,3.030088,20.18313|0,0,-0.05,-0.05,0,0
-7.569527,3.430111,20.18313|0,0,-0.1,0,0,0
-7.769532,4.234061,20.18313|0,0,-0.2,-0.05,0,0
-7.969522,4.838048,20.18313|0,0,-0.15,-0.05,0,0
-7.969522,5.438047,20.18313|0,0,-0.15,0,0,0
-7.969522,5.438047,20.18313|0,0,0,0,0,0
-7.969522,5.638055,20.18313|0,0,-0.05,0,0,0
-7.969522,5.638055,20.18313|0,0,0,0,0,0
-7.969522,5.638055,20.18313|0,0,0,0,0,1
-20.37301,13.46825,18.1655|0,0,0,0,0,0
-20.37301,13.46825,18.1655|0,0,0,0,0,0
-20.37301,13.46825,18.1655|0,0,0,0,0,0
-20.37301,13.46825,18.1655|0,0,0,0,0,0
-20.37301,13.46825,18.1655|0,0,0,0,0,0
-20.37301,13.46825,18.1655|0,0,0,0,0,0
-20.37301,13.46825,18.1655|0,0,0,0,0,0
-19.77301,13.00938,18.1655|0,0,0.1,0.15,0,0
-17.37302,11.59447,18.1655|0,0,0.3,0.6,0,0
-15.17302,10.22516,18.1655|0,0,0.3,0.55,0,0
-14.17301,9.75659,18.1655|0,0,0.1,0.25,0,0
-13.57301,9.317894,18.1655|0,0,0.1,0.15,0,0
-12.97301,9.081016,18.1655|0,0,0.05,0.15,0,0
-12.97301,8.881042,18.1655|0,0,0.05,0,0,0
-12.57302,8.85743,18.1655|0,0,0,0.1,0,0
-11.77301,8.412653,18.1655|0,0,0.1,0.2,0,0
-11.57301,8.401978,18.1655|0,0,0,0.05,0,0
-11.57301,8.401978,18.1655|0,0,0,0,0,0
-11.37302,8.391431,18.1655|0,0,0,0.05,0,0
-11.37302,8.391431,18.1655|0,0,0,0,0,0
-11.37302,8.391431,18.1655|0,0,0,0,0,0
-11.37302,8.391431,18.1655|0,0,0,0,0,1
9.863383,2.019648,16.03718|0,0,0,0,0,0
9.863383,2.019648,16.03718|0,0,0,0,0,0
9.863383,2.019648,16.03718|0,0,0,0,0,0
9.863383,2.019648,16.03718|0,0,0,0,0,0
9.063385,1.598509,16.03718|0,0,0.1,-0.2,0,0
8.263391,1.379417,16.03718|0,0,0.05,-0.2,0,0
7.463402,0.9618481,16.03718|0,0,0.1,-0.2,0,0
5.863409,0.332791,16.03718|0,0,0.15,-0.4,0,0
4.063366,-0.2914124,16.03718|0,0,0.15,-0.45,0,0
2.863343,-0.3032579,16.03718|0,0,0,-0.3,0,0
0.463094,0.8860281,16.03718|0,0,-0.3,-0.6,0,0
0.06255726,1.085705,16.03718|0,0,-0.05,-0.1,0,0
-0.7364823,1.486221,16.03718|0,0,-0.1,-0.2,0,0
-1.536588,1.888859,16.03718|0,0,-0.1,-0.2,0,0
-2.536516,2.494342,16.03718|0,0,-0.15,-0.25,0,0
-2.936583,2.697258,16.03718|0,0,-0.05,-0.1,0,0
-3.136564,2.698999,16.03718|0,0,0,-0.05,0,0
-3.536568,2.902657,16.03718|0,0,-0.05,-0.1,0,0
-3.936615,2.906768,16.03718|0,0,0,-0.1,0,0
-3.936615,2.906768,16.03718|0,0,0,0,0,0
-3.936615,2.906768,16.03718|0,0,0,0,0,0
-3.936615,2.906768,16.03718|0,0,0,0,0,1
-19.26735,7.418255,17.62179|0,0,0,0,0,0
-19.26735,7.418255,17.62179|0,0,0,0,0,0
-19.26735,7.418255,17.62179|0,0,0,0,0,0
-19.26735,7.418255,17.62179|0,0,0,0,0,0
-19.26735,7.418255,17.62179|0,0,0,0,0,0
-18.86735,7.386632,17.62179|0,0,0,0.1,0,0
-15.46734,6.548619,17.62179|0,0,0.15,0.85,0,0
-11.86734,5.753263,17.62179|0,0,0.15,0.9,0,0
-11.26733,5.526057,17.62179|0,0,0.05,0.15,0,0
-8.667348,5.425347,17.62179|0,0,0,0.65,0,0
-7.867339,5.399823,17.62179|0,0,0,0.2,0,0
-7.867339,5.399823,17.62179|0,0,0,0,0,0
-6.667328,5.166343,17.62179|0,0,0.05,0.3,0,0
-5.667317,4.942684,17.62179|0,0,0.05,0.25,0,0
-5.667317,4.942684,17.62179|0,0,0,0,0,0
-5.667317,4.942684,17.62179|0,0,0,0,0,0
-5.667317,4.942684,17.62179|0,0,0,0,0,0
-5.667317,4.942684,17.62179|0,0,0,0,0,0
-5.667317,4.942684,17.62179|0,0,0,0,0,0
-5.667317,4.942684,17.62179|0,0,0,0,0,1
-19.02236,10.77426,14.32123|0,0,0,0,0,0
-19.02236,10.77426,14.32123|0,0,0,0,0,0
-19.02236,10.77426,14.32123|0,0,0,0,0,0
-19.02236,10.77426,14.32123|0,0,0,0,0,0
-19.22235,10.59539,14.32123|0,0,0.05,-0.05,0,0
-19.22235,10.59539,14.32123|0,0,0,0,0,0
-19.22235,10.59539,14.32123|0,0,0,0,0,0
-18.22235,9.692255,14.32123|0,0,0.2,0.25,0,0
-17.42236,9.214329,14.32123|0,0,0.1,0.2,0,0
-15.02235,8.804062,14.32123|0,0,0.05,0.6,0,0
-14.82235,8.788116,14.32123|0,0,0,0.05,0,0
-14.82235,8.788116,14.32123|0,0,0,0,0,0
-14.22236,8.541643,14.32123|0,0,0.05,0.15,0,0
-14.02234,8.526616,14.32123|0,0,0,0.05,0,0
-13.82235,8.511816,14.32123|0,0,0,0.05,0,0
-12.82235,8.441293,14.32123|0,0,0,0.25,0,0
-12.22236,8.401697,14.32123|0,0,0,0.15,0,0
-11.82235,8.176468,14.32123|0,0,0.05,0.1,0,0
-11.02236,7.928627,14.32123|0,0,0.05,0.2,0,0
-9.82237,7.463428,14.32123|0,0,0.1,0.3,0,0
-8.822363,7.015121,14.32123|0,0,0.1,0.25,0,0
-7.622335,6.564173,14.32123|0,0,0.1,0.3,0,0
-7.622335,6.564173,14.32123|0,0,0,0,0,0
-7.622335,6.564173,14.32123|0,0,0,0,0,0
-7.422379,6.556401,14.32123|0,0,0,0.05,0,0
-7.422379,6.556401,14.32123|0,0,0,0,0,0
-7.422379,6.556401,14.32123|0,0,0,0,0,1
-8.775658,18.05309,17.05524|0,0,0,0,0,0
-8.775658,18.05309,17.05524|0,0,0,0,0,0
-8.775658,18.05309,17.05524|0,0,0,0,0,0
-8.775658,18.05309,17.05524|0,0,0,0,0,0
-8.775658,18.05309,17.05524|0,0,0,0,0,0
-8.775658,18.05309,17.05524|0,0,0,0,0,0
-8.775658,18.05309,17.05524|0,0,0,0,0,0
-10.97567,14.61738,17.05524|0,0,0.9,-0.55,0,0
-11.37567,13.05137,17.05524|0,0,0.4,-0.1,0,0
-11.37567,11.85135,17.05524|0,0,0.3,0,0,0
-11.37567,11.05136,17.05524|0,0,0.2,0,0,0
-11.37567,9.451366,17.05524|0,0,0.4,0,0,0
-11.57566,7.868786,17.05524|0,0,0.4,-0.05,0,0
-11.57566,7.268792,17.05524|0,0,0.15,0,0,0
-11.57566,6.868813,17.05524|0,0,0.1,0,0,0
-11.57566,6.468812,17.05524|0,0,0.1,0,0,0
-11.57566,5.668839,17.05524|0,0,0.2,0,0,0
-11.57566,5.468807,17.05524|0,0,0.05,0,0,0
-11.57566,5.468807,17.05524|0,0,0,0,0,0
-11.57566,5.468807,17.05524|0,0,0,0,0,0
-11.57566,5.468807,17.05524|0,0,0,0,0,0
-11.57566,5.468807,17.05524|0,0,0,0,0,0
-11.57566,5.468807,17.05524|0,0,0,0,0,1
12.01539,-8.35837,20.17465|0,0,0,0,0,0
12.01539,-8.35837,20.17465|0,0,0,0,0,0
12.01539,-8.158391,20.17465|0,0,-0.05,0,0,0
12.01539,-8.158391,20.17465|0,0,0,0,0,0
12.01539,-8.158391,20.17465|0,0,0,0,0,0
12.01539,-8.158391,20.17465|0,0,0,0,0,0
12.01539,-8.158391,20.17465|0,0,0,0,0,0
12.01539,-8.158391,20.17465|0,0,0,0,0,0
12.41538,-6.535641,20.17465|0,0,-0.4,0.1,0,0
12.61539,-3.72389,20.17465|0,0,-0.7,0.05,0,0
11.61539,0.8197219,20.17465|0,0,-1.15,-0.25,0,0
10.41539,2.558414,20.17465|0,0,-0.45,-0.3,0,0
9.215396,4.104223,20.17465|0,0,-0.4,-0.3,0,0
8.215373,5.2644,20.17465|0,0,-0.3,-0.25,0,0
7.615406,5.842712,20.17465|0,0,-0.15,-0.15,0,0
6.215364,6.998688,20.17465|0,0,-0.3,-0.35,0,0
4.8154,7.763719,20.17465|0,0,-0.2,-0.35,0,0
3.215342,8.334725,20.17465|0,0,-0.15,-0.4,0,0
1.215309,8.914735,20.17465|0,0,-0.15,-0.5,0,0
-1.584615,9.717093,20.17465|0,0,-0.2,-0.7,0,0
-3.184629,9.934245,20.17465|0,0,-0.05,-0.4,0,0
-3.184629,9.934245,20.17465|0,0,0,0,0,0
-3.184629,9.934245,20.17465|0,0,0,0,0,0
-3.184629,9.934245,20.17465|0,0,0,0,0,0
-3.184629,9.934245,20.17465|0,0,0,0,0,0
-3.184629,9.934245,20.17465|0,0,0,0,0,1
-16.21012,-6.920051,15.40178|0,0,0,0,0,0
-16.21012,-6.920051,15.40178|0,0,0,0,0,0
-16.21012,-6.920051,15.40178|0,0,0,0,0,0
-16.21012,-6.920051,15.40178|0,0,0,0,0,0
-16.21012,-7.120066,15.40178|0,0,0.05,0,0,0
-16.21012,-9.720046,15.40178|0,0,0.65,0,0,0
-16.21012,-9.720046,15.40178|0,0,0,0,0,0
-16.21012,-9.720046,15.40178|0,0,0,0,0,0
-14.21012,-9.307594,15.40178|0,0,-0.1,0.5,0,0
-12.61011,-8.698927,15.40178|0,0,-0.15,0.4,0,0
-11.01011,-8.091386,15.40178|0,0,-0.15,0.4,0,0
-10.21011,-7.687991,15.40178|0,0,-0.1,0.2,0,0
-9.210106,-7.084158,15.40178|0,0,-0.15,0.25,0,0
-7.610096,-6.478868,15.40178|0,0,-0.15,0.4,0,0
-7.410103,-6.478262,15.40178|0,0,0,0.05,0,0
-7.010114,-6.277135,15.40178|0,0,-0.05,0.1,0,0
-7.010114,-6.277135,15.40178|0,0,0,0,0,0
-6.810082,-6.076606,15.40178|0,0,-0.05,0.05,0,0
-6.210093,-5.475074,15.40178|0,0,-0.15,0.15,0,0
-6.010108,-4.874596,15.40178|0,0,-0.15,0.05,0,0
-5.610072,-4.273656,15.40178|0,0,-0.15,0.1,0,0
-5.610072,-4.073667,15.40178|0,0,-0.05,0,0,0
-5.41012,-3.473277,15.40178|0,0,-0.15,0.05,0,0
-5.41012,-3.273272,15.40178|0,0,-0.05,0,0,0
-5.210114,-3.072942,15.40178|0,0,-0.05,0.05,0,0
-4.810068,-2.67203,15.40178|0,0,-0.1,0.1,0,0
-4.610105,-2.271761,15.40178|0,0,-0.1,0.05,0,0
-4.210079,-1.471001,15.40178|0,0,-0.2,0.1,0,1
-7.258771,8.266716,11.77971|0,0,0,0.05,0,0
-7.258771,8.266716,11.77971|0,0,0,0,0,0
-7.258771,8.266716,11.77971|0,0,0,0,0,0
-7.258771,8.266716,11.77971|0,0,0,0,0,0
-7.458773,8.070443,11.77971|0,0,0.05,-0.05,0,0
-8.858783,-0.699975,11.77971|0,0,2.2,-0.35,0,0
-8.45877,-2.509207,11.77971|0,0,0.45,0.1,0,0
-8.058759,-4.117657,11.77971|0,0,0.4,0.1,0,0
-7.858777,-4.521644,11.77971|0,0,0.1,0.05,0,0
-7.858777,-4.721694,11.77971|0,0,0.05,0,0,0
-7.858777,-4.721694,11.77971|0,0,0,0,0,0
-7.858777,-4.721694,11.77971|0,0,0,0,0,0
-7.858777,-4.721694,11.77971|0,0,0,0,0,0
-7.858777,-4.721694,11.77971|0,0,0,0,0,0
-7.858777,-4.721694,11.77971|0,0,0,0,0,0
-7.858777,-4.721694,11.77971|0,0,0,0,0,0
-7.858777,-4.721694,11.77971|0,0,0,0,0,0
-7.858777,-4.721694,11.77971|0,0,0,0,0,1
-0.6419396,17.67341,14.22574|0,0,0,0,0,0
-0.6419396,17.67341,14.22574|0,0,0,0,0,0
-0.6419396,17.67341,14.22574|0,0,0,0,0,0
-0.6419396,17.67341,14.22574|0,0,0,0,0,0
-0.6419396,17.67341,14.22574|0,0,0,0,0,0
-0.6419396,17.67341,14.22574|0,0,0,0,0,0
-0.6419396,17.67341,14.22574|0,0,0,0,0,0
-0.4423477,16.67257,14.22574|0,0,0.25,0.05,0,0
-1.041926,9.275994,14.22574|0,0,1.85,-0.15,0,0
-1.441979,6.279821,14.22574|0,0,0.75,-0.1,0,0
-1.641871,3.682169,14.22574|0,0,0.65,-0.05,0,0
-1.841963,2.284819,14.22574|0,0,0.35,-0.05,0,0
-2.241928,0.2907402,14.22574|0,0,0.5,-0.1,0,0
-2.241928,-0.5089886,14.22574|0,0,0.2,0,0,0
-2.241928,-0.5089886,14.22574|0,0,0,0,0,0
-2.241928,-0.5089886,14.22574|0,0,0,0,0,0
-2.241928,-0.5089886,14.22574|0,0,0,0,0,0
-2.241928,-0.5089886,14.22574|0,0,0,0,0,0
-2.241928,-0.5089886,14.22574|0,0,0,0,0,0
-2.241928,-0.5089886,14.22574|0,0,0,0,0,1
1.302211,-6.789603,17.26819|0,0,0,0,0,0
1.302211,-6.789603,17.26819|0,0,0,0,0,0
1.302211,-6.789603,17.26819|0,0,0,0,0,0
1.302211,-6.789603,17.26819|0,0,0,0,0,0
1.302211,-6.789603,17.26819|0,0,0,0,0,0
1.302211,-6.789603,17.26819|0,0,0,0,0,0
1.302211,-4.589579,17.26819|0,0,-0.55,0,0,0
1.302211,-0.7895671,17.26819|0,0,-0.95,0,0,0
1.102339,0.4083038,17.26819|0,0,-0.3,-0.05,0,0
0.7022079,2.806306,17.26819|0,0,-0.6,-0.1,0,0
0.1008706,5.604865,17.26819|0,0,-0.7,-0.15,0,0
-0.2973941,6.605122,17.26819|0,0,-0.25,-0.1,0,0
-0.2973941,7.005131,17.26819|0,0,-0.1,0,0,0
-0.2973941,7.005131,17.26819|0,0,0,0,0,0
-0.2973941,7.005131,17.26819|0,0,0,0,0,0
-0.2973941,7.005131,17.26819|0,0,0,0,0,0
-0.2973941,7.005131,17.26819|0,0,0,0,0,0
-0.2973941,7.005131,17.26819|0,0,0,0,0,0
-0.2973941,7.005131,17.26819|0,0,0,0,0,1
-13.18091,2.825493,18.64773|0,0,0,0,0,0
-13.18091,2.825493,18.64773|0,0,0,0,0,0
-13.18091,2.825493,18.64773|0,0,0,0,0,0
-13.18091,2.825493,18.64773|0,0,0,0,0,0
-13.18091,2.825493,18.64773|0,0,0,0,0,0
-13.18091,2.825493,18.64773|0,0,0,0,0,0
-13.18091,2.825493,18.64773|0,0,0,0,0,0
-13.18091,2.825493,18.64773|0,0,0,0,0,0
-13.18091,2.825493,18.64773|0,0,0,0,0,0
-10.78091,3.6595,18.64773|0,0,-0.25,0.6,0,0
-9.780904,4.000614,18.64773|0,0,-0.1,0.25,0,0
-8.580894,4.537859,18.64773|0,0,-0.15,0.3,0,0
-8.180885,4.71879,18.64773|0,0,-0.05,0.1,0,0
-7.980894,4.709606,18.64773|0,0,0,0.05,0,0
-7.780891,4.90073,18.64773|0,0,-0.05,0.05,0,0
-7.780891,4.90073,18.64773|0,0,0,0,0,0
-7.780891,4.90073,18.64773|0,0,0,0,0,0
-7.780891,4.90073,18.64773|0,0,0,0,0,0
-7.780891,4.90073,18.64773|0,0,0,0,0,0
-7.780891,4.90073,18.64773|0,0,0,0,0,0
-7.380919,4.88355,18.64773|0,0,0,0.1,0,0
-7.380919,4.88355,18.64773|0,0,0,0,0,1
-1.713608,-16.46712,19.28717|0,0,0,0,0,0
-1.713608,-16.46712,19.28717|0,0,0,0,0,0
-1.713608,-16.46712,19.28717|0,0,0,0,0,0
-1.713608,-16.46712,19.28717|0,0,0,0,0,0
-1.713608,-16.46712,19.28717|0,0,0,0,0,0
-1.713608,-16.46712,19.28717|0,0,0,0,0,0
-1.713608,-16.46712,19.28717|0,0,0,0,0,0
-1.313582,-15.86689,19.28717|0,0,-0.15,0.1,0,0
-1.313582,-13.26689,19.28717|0,0,-0.65,0,0,0
-2.713537,-6.267946,19.28717|0,0,-1.75,-0.35,0,0
-3.513518,-4.468921,19.28717|0,0,-0.45,-0.2,0,0
-3.713464,-3.869182,19.28717|0,0,-0.15,-0.05,0,0
-3.913516,-3.669492,19.28717|0,0,-0.05,-0.05,0,0
-4.113517,-3.46978,19.28717|0,0,-0.05,-0.05,0,0
-4.713473,-2.470767,19.28717|0,0,-0.25,-0.15,0,0
-5.113509,-1.471799,19.28717|0,0,-0.25,-0.1,0,0
-5.713505,-0.4727124,19.28717|0,0,-0.25,-0.15,0,0
-5.713505,-0.4727124,19.28717|0,0,0,0,0,0
-5.713505,-0.4727124,19.28717|0,0,0,0,0,0
-5.713505,-0.4727124,19.28717|0,0,0,0,0,0
-5.713505,-0.4727124,19.28717|0,0,0,0,0,1
-13.86836,7.603542,17.54489|0,0,0,0,0,0
-13.86836,7.603542,17.54489|0,0,0,0,0,0
-13.86836,7.603542,17.54489|0,0,0,0,0,0
-13.26838,4.186522,17.54489|0,0,0.85,0.15,0,0
-12.46836,0.7648944,17.54489|0,0,0.85,0.2,0,0
-11.26836,-1.464334,17.54489|0,0,0.55,0.3,0,0
-10.26836,-3.086482,17.54489|0,0,0.4,0.25,0,0
-10.06835,-3.290631,17.54489|0,0,0.05,0.05,0,0
-9.66837,-3.498775,17.54489|0,0,0.05,0.1,0,0
-9.068371,-3.910262,17.54489|0,0,0.1,0.15,0,0
-9.068371,-3.910262,17.54489|0,0,0,0,0,0
-8.668367,-3.717416,17.54489|0,0,-0.05,0.1,0,0
-8.668367,-3.717416,17.54489|0,0,0,0,0,0
-8.668367,-3.717416,17.54489|0,0,0,0,0,0
-8.668367,-3.717416,17.54489|0,0,0,0,0,0
-8.668367,-3.717416,17.54489|0,0,0,0,0,0
-8.468352,-3.720891,17.54489|0,0,0,0.05,0,0
-8.468352,-3.720891,17.54489|0,0,0,0,0,0
-8.468352,-3.720891,17.54489|0,0,0,0,0,1
12.27803,-11.70067,15.24038|0,0,0,0,0,0
12.27803,-11.70067,15.24038|0,0,0,0,0,0
12.27803,-11.70067,15.24038|0,0,0,0,0,0
12.27803,-11.70067,15.24038|0,0,0,0,0,0
12.27803,-11.70067,15.24038|0,0,0,0,0,0
12.27803,-10.10067,15.24038|0,0,-0.4,0,0,0
12.07803,-8.699694,15.24038|0,0,-0.35,-0.05,0,0
11.27802,-6.895944,15.24038|0,0,-0.45,-0.2,0,0
10.07804,-4.290807,15.24038|0,0,-0.65,-0.3,0,0
8.47804,-1.684931,15.24038|0,0,-0.65,-0.4,0,0
6.47802,0.7206361,15.24038|0,0,-0.6,-0.5,0,0
5.678063,1.322786,15.24038|0,0,-0.15,-0.2,0,0
5.678063,1.322786,15.24038|0,0,0,0,0,0
5.278006,1.523542,15.24038|0,0,-0.05,-0.1,0,0
4.278053,1.725557,15.24038|0,0,-0.05,-0.25,0,0
4.078039,1.925798,15.24038|0,0,-0.05,-0.05,0,0
3.478065,2.126609,15.24038|0,0,-0.05,-0.15,0,0
0.4780633,3.929047,15.24038|0,0,-0.45,-0.75,0,0
0.07912937,4.129056,15.24038|0,0,-0.05,-0.1,0,0
0.07912937,4.129056,15.24038|0,0,0,0,0,0
0.07912937,4.129056,15.24038|0,0,0,0,0,0
0.07912937,4.129056,15.24038|0,0,0,0,0,0
0.07912937,4.129056,15.24038|0,0,0,0,0,0
-0.1219466,4.329024,15.24038|0,0,-0.05,-0.05,0,0
-0.1219466,4.329024,15.24038|0,0,0,0,0,0
-0.1219466,4.329024,15.24038|0,0,0,0,0,0
-0.7222635,4.328979,15.24038|0,0,0,-0.15,0,0
-1.122045,4.128867,15.24038|0,0,0.05,-0.1,0,1
-15.96576,29.08545,16.55581|0,0,0,0,0,0
-15.96576,29.08545,16.55581|0,0,0,0,0,0
-15.96576,29.08545,16.55581|0,0,0,0,0,0
-16.16576,28.50664,16.55581|0,0,0.15,-0.05,0,0
-16.36576,27.32814,16.55581|0,0,0.3,-0.05,0,0
-15.56576,24.04394,16.55581|0,0,0.8,0.2,0,0
-13.56576,19.65359,16.55581|0,0,1.05,0.5,0,0
-11.76574,13.90623,16.55581|0,0,1.4,0.45,0,0
-10.76576,12.03391,16.55581|0,0,0.45,0.25,0,0
-9.565751,9.355993,16.55581|0,0,0.65,0.3,0,0
-8.165751,7.477192,16.55581|0,0,0.45,0.35,0,0
-7.16574,6.228661,16.55581|0,0,0.3,0.25,0,0
-6.965734,5.819721,16.55581|0,0,0.1,0.05,0,0
-6.965734,5.819721,16.55581|0,0,0,0,0,0
-6.765759,5.611085,16.55581|0,0,0.05,0.05,0,0
-6.765759,5.411061,16.55581|0,0,0.05,0,0,0
-6.765759,5.411061,16.55581|0,0,0,0,0,0
-6.765759,5.411061,16.55581|0,0,0,0,0,1
1.257566,2.052903,20.91548|0,0,0,0,0,0
1.257566,2.052903,20.91548|0,0,0,0,0,0
1.257566,2.052903,20.91548|0,0,0,0,0,0
0.8575217,3.250705,20.91548|0,0,-0.3,-0.1,0,0
0.4575681,3.849292,20.91548|0,0,-0.15,-0.1,0,0
-0.1440177,4.648736,20.91548|0,0,-0.2,-0.15,0,0
-1.14261,6.05233,20.91548|0,0,-0.35,-0.25,0,0
-1.542435,6.255265,20.91548|0,0,-0.05,-0.1,0,0
-3.142487,7.076012,20.91548|0,0,-0.2,-0.4,0,0
-11.54251,9.622347,20.91548|0,0,-0.55,-2.1,0,0
-13.1425,9.935215,20.91548|0,0,-0.05,-0.4,0,0
-13.1425,9.935215,20.91548|0,0,0,0,0,0
-13.1425,9.935215,20.91548|0,0,0,0,0,0
-13.1425,9.935215,20.91548|0,0,0,0,0,0
-13.1425,9.935215,20.91548|0,0,0,0,0,0
-12.94252,9.520268,20.91548|0,0,0.1,0.05,0,0
-12.3425,7.676802,20.91548|0,0,0.45,0.15,0,0
-11.94252,7.049125,20.91548|0,0,0.15,0.1,0,0
-11.74251,6.83558,20.91548|0,0,0.05,0.05,0,0
-11.74251,6.635574,20.91548|0,0,0.05,0,0,0
-11.74251,6.635574,20.91548|0,0,0,0,0,0
-11.74251,6.635574,20.91548|0,0,0,0,0,0
-11.74251,6.635574,20.91548|0,0,0,0,0,1
-33.12093,-1.853191,15.14562|0,0,0,0,0,0
-33.12093,-1.853191,15.14562|0,0,0,0,0,0
-33.12093,-1.853191,15.14562|0,0,0,0,0,0
-33.12093,-1.853191,15.14562|0,0,0,0,0,0
-33.12093,-1.853191,15.14562|0,0,0,0,0,0
-32.72093,-1.504022,15.14562|0,0,-0.1,0.1,0,0
-31.52092,0.1506579,15.14562|0,0,-0.45,0.3,0,0
-30.92092,5.879867,15.14562|0,0,-1.45,0.15,0,0
-31.52092,8.349861,15.14562|0,0,-0.6,-0.15,0,0
-31.72093,7.973634,15.14562|0,0,0.1,-0.05,0,0
-31.92092,6.397642,15.14562|0,0,0.4,-0.05,0,0
-31.92092,6.197642,15.14562|0,0,0.05,0,0,0
-31.92092,5.797619,15.14562|0,0,0.1,0,0,0
-31.92092,5.797619,15.14562|0,0,0,0,0,0
-31.92092,5.797619,15.14562|0,0,0,0,0,0
-31.92092,5.797619,15.14562|0,0,0,0,0,0
-31.92092,5.797619,15.14562|0,0,0,0,0,0
-31.92092,5.797619,15.14562|0,0,0,0,0,0
-31.92092,5.797619,15.14562|0,0,0,0,0,0
-29.32093,-1.89682,15.14562|0,0,1.85,0.65,0,0
-22.92092,-19.0758,15.14562|0,0,4.15,1.6,0,0
-11.12093,-52.1081,15.14562|0,0,8.1,2.95,0,0
9.279045,-80.16406,15.14562|0,0,11.4,5.1,0,0
27.67907,-79.06414,15.14562|0,0,11.85,4.6,0,0
28.07907,-79.02467,15.14562|0,0,1.05,0.1,0,0
28.07907,-79.02467,15.14562|0,0,0,0,0,0
28.47907,-78.98437,15.14562|0,0,0.8,0.1,0,0
29.27907,-78.90131,15.14562|0,0,0.5,0.2,0,0
31.07906,-78.70189,15.14562|0,0,0.5,0.45,0,0
38.87907,-77.60357,15.14562|0,0,1.1,1.95,0,0
52.07907,-74.44192,15.14562|0,0,1.95,3.3,0,0
69.47907,63.98244,15.14562|0,0,2.75,4.35,0,0
79.67907,46.31725,15.14562|0,0,2.25,2.55,0,0
83.87907,31.92953,15.14562|0,0,1.95,1.05,0,0
98.07907,-39.39806,15.14562|0,0,6.85,3.55,0,0
100.6791,-47.28157,15.14562|0,0,1.2,0.65,0,0
102.2791,-51.18142,15.14562|0,0,0.6,0.4,0,0
104.2791,-55.24942,15.14562|0,0,0.6,0.5,0,0
111.6791,-65.1467,15.14562|0,0,2.2,1.85,0,0
115.6791,-68.4526,15.14562|0,0,2.45,1,0,0
116.8791,-69.2701,15.14562|0,0,2,0.3,0,0
117.4791,-69.654,15.14562|0,0,1.5,0.15,0,0
117.8791,-69.90134,15.14562|0,0,1.4,0.1,0,0
119.6791,-70.93624,15.14562|0,0,2.45,0.45,0,0
121.2791,-71.76009,15.14562|0,0,1.4,0.4,0,0
123.0791,-72.59375,15.14562|0,0,2.6,0.45,0,0
123.2791,-72.68088,15.14562|0,0,0.2,0.05,0,0
123.2791,-72.68088,15.14562|0,0,0.25,0,0,0
123.0791,-72.59375,15.14562|0,0,0.5,-0.05,0,0
123.0791,-72.59375,15.14562|0,0,0.1,0,0,0
123.2791,-72.88088,15.14562|0,0,-0.05,0.05,0,0
123.4791,-77.36694,15.14562|0,0,-1.1,0.05,0,0
106.4791,-109.9015,15.14562|0,0,-11.6,-4.25,0,0
